-4.27768804210356,-1.15,0
-4.27402281085764,-1.15,0
-4.27035757961172,-1.15,0
-4.2666923483658,-1.15,0
-4.26302711711988,-1.15,0
-4.25936188587396,-1.15,0
-4.25569665462804,-1.15,0
-4.25203142338212,-1.15,0
-4.2483661921362,-1.15,0
-4.24470096089028,-1.15,0
-4.24103572964436,-1.15,0
-4.23737049839844,-1.15,0
-4.23370526715252,-1.15,0
-4.2300400359066,-1.15,0
-4.22637480466068,-1.15,0
-4.22270957341476,-1.15,0
-4.21904434216884,-1.15,0
-4.21537911092292,-1.15,0
-4.211713879677,-1.15,0
-4.20804864843107,-1.15,0
-4.20438341718515,-1.15,0
-4.20071818593923,-1.15,0
-4.19705295469331,-1.15,0
-4.19338772344739,-1.15,0
-4.18972249220147,-1.15,0
-4.18605726095555,-1.15,0
-4.18239202970963,-1.15,0
-4.17872679846371,-1.15,0
-4.17506156721779,-1.15,0
-4.17139633597187,-1.15,0
-4.16773110472595,-1.15,0
-4.16406587348003,-1.15,0
-4.16040064223411,-1.15,0
-4.15673541098819,-1.15,0
-4.15307017974227,-1.15,0
-4.14940494849635,-1.15,0
-4.14573971725043,-1.15,0
-4.14207448600451,-1.15,0
-4.13840925475859,-1.15,0
-4.13474402351267,-1.15,0
-4.13107879226675,-1.15,0
-4.12741356102083,-1.15,0
-4.12374832977491,-1.15,0
-4.12008309852899,-1.15,0
-4.11641786728307,-1.15,0
-4.11275263603715,-1.15,0
-4.10908740479123,-1.15,0
-4.10542217354531,-1.15,0
-4.10175694229938,-1.15,0
-4.09809171105346,-1.15,0
-4.09442647980754,-1.15,0
-4.09076124856162,-1.15,0
-4.0870960173157,-1.15,0
-4.08343078606978,-1.15,0
-4.07976555482386,-1.15,0
-4.07610032357794,-1.15,0
-4.07243509233202,-1.15,0
-4.0687698610861,-1.15,0
-4.06510462984018,-1.15,0
-4.06143939859426,-1.15,0
-4.05777416734834,-1.15,0
-4.05410893610242,-1.15,0
-4.0504437048565,-1.15,0
-4.04677847361058,-1.15,0
-4.04311324236466,-1.15,0
-4.03944801111874,-1.15,0
-4.03578277987282,-1.15,0
-4.0321175486269,-1.15,0
-4.02845231738098,-1.15,0
-4.02478708613506,-1.15,0
-4.02112185488914,-1.15,0
-4.01745662364322,-1.15,0
-4.0137913923973,-1.15,0
-4.01012616115138,-1.15,0
-4.00646092990546,-1.15,0
-4.00279569865953,-1.15,0
-3.99913046741361,-1.15,0
-3.99546523616769,-1.15,0
-3.99180000492177,-1.15,0
-3.98813477367585,-1.15,0
-3.98446954242993,-1.15,0
-3.98080431118401,-1.15,0
-3.97713907993809,-1.15,0
-3.97347384869217,-1.15,0
-3.96980861744625,-1.15,0
-3.96614338620033,-1.15,0
-3.96247815495441,-1.15,0
-3.95881292370849,-1.15,0
-3.95514769246257,-1.15,0
-3.95148246121665,-1.15,0
-3.94781722997073,-1.15,0
-3.94415199872481,-1.15,0
-3.94048676747889,-1.15,0
-3.93682153623297,-1.15,0
-3.93315630498705,-1.15,0
-3.92949107374113,-1.15,0
-3.92582584249521,-1.15,0
-3.92216061124929,-1.15,0
-3.91849538000337,-1.15,0
-3.91483014875745,-1.15,0
-3.91116491751153,-1.15,0
-3.90749968626561,-1.15,0
-3.90383445501969,-1.15,0
-3.90016922377376,-1.15,0
-3.89650399252784,-1.15,0
-3.89283876128192,-1.15,0
-3.889173530036,-1.15,0
-3.88550829879008,-1.15,0
-3.88184306754416,-1.15,0
-3.87817783629824,-1.15,0
-3.87451260505232,-1.15,0
-3.8708473738064,-1.15,0
-3.86718214256048,-1.15,0
-3.86351691131456,-1.15,0
-3.85985168006864,-1.15,0
-3.85618644882272,-1.15,0
-3.8525212175768,-1.15,0
-3.84885598633088,-1.15,0
-3.84519075508496,-1.15,0
-3.84152552383904,-1.15,0
-3.83786029259312,-1.15,0
-3.8341950613472,-1.15,0
-3.83052983010128,-1.15,0
-3.82686459885536,-1.15,0
-3.82319936760944,-1.15,0
-3.81953413636352,-1.15,0
-3.8158689051176,-1.15,0
-3.81220367387168,-1.15,0
-3.80853844262576,-1.15,0
-3.80487321137984,-1.15,0
-3.80120798013392,-1.15,0
-3.79754274888799,-1.15,0
-3.79387751764207,-1.15,0
-3.79021228639615,-1.15,0
-3.78654705515023,-1.15,0
-3.78288182390431,-1.15,0
-3.77921659265839,-1.15,0
-3.77555136141247,-1.15,0
-3.77188613016655,-1.15,0
-3.76822089892063,-1.15,0
-3.76455566767471,-1.15,0
-3.76089043642879,-1.15,0
-3.75722520518287,-1.15,0
-3.75355997393695,-1.15,0
-3.74989474269103,-1.15,0
-3.74622951144511,-1.15,0
-3.74256428019919,-1.15,0
-3.73889904895327,-1.15,0
-3.73523381770735,-1.15,0
-3.73156858646143,-1.15,0
-3.72790335521551,-1.15,0
-3.72423812396959,-1.15,0
-3.72057289272367,-1.15,0
-3.71690766147775,-1.15,0
-3.71324243023183,-1.15,0
-3.70957719898591,-1.15,0
-3.70591196773999,-1.15,0
-3.70224673649407,-1.15,0
-3.69858150524815,-1.15,0
-3.69491627400222,-1.15,0
-3.6912510427563,-1.15,0
-3.68758581151038,-1.15,0
-3.68392058026446,-1.15,0
-3.68025534901854,-1.15,0
-3.67659011777262,-1.15,0
-3.6729248865267,-1.15,0
-3.66925965528078,-1.15,0
-3.66559442403486,-1.15,0
-3.66192919278894,-1.15,0
-3.65826396154302,-1.15,0
-3.6545987302971,-1.15,0
-3.65093349905118,-1.15,0
-3.64726826780526,-1.15,0
-3.64360303655934,-1.15,0
-3.63993780531342,-1.15,0
-3.6362725740675,-1.15,0
-3.63260734282158,-1.15,0
-3.62894211157566,-1.15,0
-3.62527688032974,-1.15,0
-3.62161164908382,-1.15,0
-3.6179464178379,-1.15,0
-3.61428118659198,-1.15,0
-3.61061595534606,-1.15,0
-3.60695072410014,-1.15,0
-3.60328549285422,-1.15,0
-3.5996202616083,-1.15,0
-3.59595503036238,-1.15,0
-3.59228979911645,-1.15,0
-3.58862456787053,-1.15,0
-3.58495933662461,-1.15,0
-3.58129410537869,-1.15,0
-3.57762887413277,-1.15,0
-3.57396364288685,-1.15,0
-3.57029841164093,-1.15,0
-3.56663318039501,-1.15,0
-3.56296794914909,-1.15,0
-3.55930271790317,-1.15,0
-3.55563748665725,-1.15,0
-3.55197225541133,-1.15,0
-3.54830702416541,-1.15,0
-3.54464179291949,-1.15,0
-3.54097656167357,-1.15,0
-3.53731133042765,-1.15,0
-3.53364609918173,-1.15,0
-3.52998086793581,-1.15,0
-3.52631563668989,-1.15,0
-3.52265040544397,-1.15,0
-3.51898517419805,-1.15,0
-3.51531994295213,-1.15,0
-3.51165471170621,-1.15,0
-3.50798948046029,-1.15,0
-3.50432424921437,-1.15,0
-3.50065901796845,-1.15,0
-3.49699378672253,-1.15,0
-3.49332855547661,-1.15,0
-3.48966332423068,-1.15,0
-3.48599809298476,-1.15,0
-3.48233286173884,-1.15,0
-3.47866763049292,-1.15,0
-3.475002399247,-1.15,0
-3.47133716800108,-1.15,0
-3.46767193675516,-1.15,0
-3.46400670550924,-1.15,0
-3.46034147426332,-1.15,0
-3.4566762430174,-1.15,0
-3.45301101177148,-1.15,0
-3.44934578052556,-1.15,0
-3.44568054927964,-1.15,0
-3.44201531803372,-1.15,0
-3.4383500867878,-1.15,0
-3.43468485554188,-1.15,0
-3.43101962429596,-1.15,0
-3.42735439305004,-1.15,0
-3.42368916180412,-1.15,0
-3.4200239305582,-1.15,0
-3.41635869931228,-1.15,0
-3.41269346806636,-1.15,0
-3.40902823682044,-1.15,0
-3.40536300557452,-1.15,0
-3.4016977743286,-1.15,0
-3.39803254308268,-1.15,0
-3.39436731183676,-1.15,0
-3.39070208059083,-1.15,0
-3.38703684934491,-1.15,0
-3.38337161809899,-1.15,0
-3.37970638685307,-1.15,0
-3.37604115560715,-1.15,0
-3.37237592436123,-1.15,0
-3.36871069311531,-1.15,0
-3.36504546186939,-1.15,0
-3.36138023062347,-1.15,0
-3.35771499937755,-1.15,0
-3.35404976813163,-1.15,0
-3.35038453688571,-1.15,0
-3.34671930563979,-1.15,0
-3.34305407439387,-1.15,0
-3.33938884314795,-1.15,0
-3.33572361190203,-1.15,0
-3.33205838065611,-1.15,0
-3.32839314941019,-1.15,0
-3.32472791816427,-1.15,0
-3.32106268691835,-1.15,0
-3.31739745567243,-1.15,0
-3.31373222442651,-1.15,0
-3.31006699318059,-1.15,0
-3.30640176193467,-1.15,0
-3.30273653068875,-1.15,0
-3.29907129944283,-1.15,0
-3.29540606819691,-1.15,0
-3.29174083695099,-1.15,0
-3.28807560570506,-1.15,0
-3.28441037445914,-1.15,0
-3.28074514321322,-1.15,0
-3.2770799119673,-1.15,0
-3.27341468072138,-1.15,0
-3.26974944947546,-1.15,0
-3.26608421822954,-1.15,0
-3.26241898698362,-1.15,0
-3.2587537557377,-1.15,0
-3.25508852449178,-1.15,0
-3.25142329324586,-1.15,0
-3.24775806199994,-1.15,0
-3.24409283075402,-1.15,0
-3.2404275995081,-1.15,0
-3.23676236826218,-1.15,0
-3.23309713701626,-1.15,0
-3.22943190577034,-1.15,0
-3.22576667452442,-1.15,0
-3.2221014432785,-1.15,0
-3.21843621203258,-1.15,0
-3.21477098078666,-1.15,0
-3.21110574954074,-1.15,0
-3.20744051829482,-1.15,0
-3.2037752870489,-1.15,0
-3.20011005580298,-1.15,0
-3.19644482455706,-1.15,0
-3.19277959331114,-1.15,0
-3.18911436206522,-1.15,0
-3.1854491308193,-1.15,0
-3.18178389957337,-1.15,0
-3.17811866832745,-1.15,0
-3.17445343708153,-1.15,0
-3.17078820583561,-1.15,0
-3.16712297458969,-1.15,0
-3.16345774334377,-1.15,0
-3.15979251209785,-1.15,0
-3.15612728085193,-1.15,0
-3.15246204960601,-1.15,0
-3.14879681836009,-1.15,0
-3.14513158711417,-1.15,0
-3.14146635586825,-1.15,0
-3.13780112462233,-1.15,0
-3.13413589337641,-1.15,0
-3.13047066213049,-1.15,0
-3.12680543088457,-1.15,0
-3.12314019963865,-1.15,0
-3.11947496839273,-1.15,0
-3.11580973714681,-1.15,0
-3.11214450590089,-1.15,0
-3.10847927465497,-1.15,0
-3.10481404340905,-1.15,0
-3.10114881216313,-1.15,0
-3.09748358091721,-1.15,0
-3.09381834967129,-1.15,0
-3.09015311842537,-1.15,0
-3.08648788717945,-1.15,0
-3.08282265593352,-1.15,0
-3.0791574246876,-1.15,0
-3.07549219344168,-1.15,0
-3.07182696219576,-1.15,0
-3.06816173094984,-1.15,0
-3.06449649970392,-1.15,0
-3.060831268458,-1.15,0
-3.05716603721208,-1.15,0
-3.05350080596616,-1.15,0
-3.04983557472024,-1.15,0
-3.04617034347432,-1.15,0
-3.0425051122284,-1.15,0
-3.03883988098248,-1.15,0
-3.03517464973656,-1.15,0
-3.03150941849064,-1.15,0
-3.02784418724472,-1.15,0
-3.0241789559988,-1.15,0
-3.02051372475288,-1.15,0
-3.01684849350696,-1.15,0
-3.01318326226104,-1.15,0
-3.00951803101512,-1.15,0
-3.0058527997692,-1.15,0
-3.00218756852328,-1.15,0
-2.99852233727736,-1.15,0
-2.99485710603144,-1.15,0
-2.99119187478552,-1.15,0
-2.9875266435396,-1.15,0
-2.98386141229368,-1.15,0
-2.98019618104775,-1.15,0
-2.97653094980183,-1.15,0
-2.97286571855591,-1.15,0
-2.96920048730999,-1.15,0
-2.96553525606407,-1.15,0
-2.96187002481815,-1.15,0
-2.95820479357223,-1.15,0
-2.95453956232631,-1.15,0
-2.95087433108039,-1.15,0
-2.94720909983447,-1.15,0
-2.94354386858855,-1.15,0
-2.93987863734263,-1.15,0
-2.93621340609671,-1.15,0
-2.93254817485079,-1.15,0
-2.92888294360487,-1.15,0
-2.92521771235895,-1.15,0
-2.92155248111303,-1.15,0
-2.91788724986711,-1.15,0
-2.91422201862119,-1.15,0
-2.91055678737527,-1.15,0
-2.90689155612935,-1.15,0
-2.90322632488343,-1.15,0
-2.89956109363751,-1.15,0
-2.89589586239159,-1.15,0
-2.89223063114567,-1.15,0
-2.88856539989975,-1.15,0
-2.88490016865383,-1.15,0
-2.88123493740791,-1.15,0
-2.87756970616198,-1.15,0
-2.87390447491606,-1.15,0
-2.87023924367014,-1.15,0
-2.86657401242422,-1.15,0
-2.8629087811783,-1.15,0
-2.85924354993238,-1.15,0
-2.85557831868646,-1.15,0
-2.85191308744054,-1.15,0
-2.84824785619462,-1.15,0
-2.8445826249487,-1.15,0
-2.84091739370278,-1.15,0
-2.83725216245686,-1.15,0
-2.83358693121094,-1.15,0
-2.82992169996502,-1.15,0
-2.8262564687191,-1.15,0
-2.82259123747318,-1.15,0
-2.81892600622726,-1.15,0
-2.81526077498134,-1.15,0
-2.81159554373542,-1.15,0
-2.8079303124895,-1.15,0
-2.80426508124358,-1.15,0
-2.80059984999766,-1.15,0
-2.79693461875174,-1.15,0
-2.79326938750582,-1.15,0
-2.7896041562599,-1.15,0
-2.78593892501398,-1.15,0
-2.78227369376806,-1.15,0
-2.77860846252214,-1.15,0
-2.77494323127621,-1.15,0
-2.77127800003029,-1.15,0
-2.76761276878437,-1.15,0
-2.76394753753845,-1.15,0
-2.76028230629253,-1.15,0
-2.75661707504661,-1.15,0
-2.75295184380069,-1.15,0
-2.74928661255477,-1.15,0
-2.74562138130885,-1.15,0
-2.74195615006293,-1.15,0
-2.73829091881701,-1.15,0
-2.73462568757109,-1.15,0
-2.73096045632517,-1.15,0
-2.72729522507925,-1.15,0
-2.72362999383333,-1.15,0
-2.71996476258741,-1.15,0
-2.71629953134149,-1.15,0
-2.71263430009557,-1.15,0
-2.70896906884965,-1.15,0
-2.70530383760373,-1.15,0
-2.70163860635781,-1.15,0
-2.69797337511189,-1.15,0
-2.69430814386597,-1.15,0
-2.69064291262005,-1.15,0
-2.68697768137413,-1.15,0
-2.68331245012821,-1.15,0
-2.67964721888229,-1.15,0
-2.67598198763636,-1.15,0
-2.67231675639044,-1.15,0
-2.66865152514452,-1.15,0
-2.6649862938986,-1.15,0
-2.66132106265268,-1.15,0
-2.65765583140676,-1.15,0
-2.65399060016084,-1.15,0
-2.65032536891492,-1.15,0
-2.646660137669,-1.15,0
-2.64299490642308,-1.15,0
-2.63932967517716,-1.15,0
-2.63566444393124,-1.15,0
-2.63199921268532,-1.15,0
-2.6283339814394,-1.15,0
-2.62466875019348,-1.15,0
-2.62100351894756,-1.15,0
-2.61733828770164,-1.15,0
-2.61367305645572,-1.15,0
-2.6100078252098,-1.15,0
-2.60634259396388,-1.15,0
-2.60267736271796,-1.15,0
-2.59901213147204,-1.15,0
-2.59534690022612,-1.15,0
-2.5916816689802,-1.15,0
-2.58801643773428,-1.15,0
-2.58435120648836,-1.15,0
-2.58068597524244,-1.15,0
-2.57702074399652,-1.15,0
-2.5733555127506,-1.15,0
-2.56969028150467,-1.15,0
-2.56602505025875,-1.15,0
-2.56235981901283,-1.15,0
-2.55869458776691,-1.15,0
-2.55502935652099,-1.15,0
-2.55136412527507,-1.15,0
-2.54769889402915,-1.15,0
-2.54403366278323,-1.15,0
-2.54036843153731,-1.15,0
-2.53670320029139,-1.15,0
-2.53303796904547,-1.15,0
-2.52937273779955,-1.15,0
-2.52570750655363,-1.15,0
-2.52204227530771,-1.15,0
-2.51837704406179,-1.15,0
-2.51471181281587,-1.15,0
-2.51104658156995,-1.15,0
-2.50738135032403,-1.15,0
-2.50371611907811,-1.15,0
-2.50005088783219,-1.15,0
-2.49638565658627,-1.15,0
-2.49272042534035,-1.15,0
-2.48905519409443,-1.15,0
-2.48538996284851,-1.15,0
-2.48172473160259,-1.15,0
-2.47805950035667,-1.15,0
-2.47439426911075,-1.15,0
-2.47072903786483,-1.15,0
-2.4670638066189,-1.15,0
-2.46339857537298,-1.15,0
-2.45973334412706,-1.15,0
-2.45606811288114,-1.15,0
-2.45240288163522,-1.15,0
-2.4487376503893,-1.15,0
-2.44507241914338,-1.15,0
-2.44140718789746,-1.15,0
-2.43774195665154,-1.15,0
-2.43407672540562,-1.15,0
-2.4304114941597,-1.15,0
-2.42674626291378,-1.15,0
-2.42308103166786,-1.15,0
-2.41941580042194,-1.15,0
-2.41575056917602,-1.15,0
-2.4120853379301,-1.15,0
-2.40842010668418,-1.15,0
-2.40475487543826,-1.15,0
-2.40108964419234,-1.15,0
-2.39742441294642,-1.15,0
-2.3937591817005,-1.15,0
-2.39009395045458,-1.15,0
-2.38642871920866,-1.15,0
-2.38276348796274,-1.15,0
-2.37909825671682,-1.15,0
-2.3754330254709,-1.15,0
-2.37176779422498,-1.15,0
-2.36810256297905,-1.15,0
-2.36443733173313,-1.15,0
-2.36077210048721,-1.15,0
-2.35710686924129,-1.15,0
-2.35344163799537,-1.15,0
-2.34977640674945,-1.15,0
-2.34611117550353,-1.15,0
-2.34244594425761,-1.15,0
-2.33878071301169,-1.15,0
-2.33511548176577,-1.15,0
-2.33145025051985,-1.15,0
-2.32778501927393,-1.15,0
-2.32411978802801,-1.15,0
-2.32045455678209,-1.15,0
-2.31678932553617,-1.15,0
-2.31312409429025,-1.15,0
-2.30945886304433,-1.15,0
-2.30579363179841,-1.15,0
-2.30212840055249,-1.15,0
-2.29846316930657,-1.15,0
-2.29479793806065,-1.15,0
-2.29113270681473,-1.15,0
-2.28746747556881,-1.15,0
-2.28380224432289,-1.15,0
-2.28013701307697,-1.15,0
-2.27647178183105,-1.15,0
-2.27280655058513,-1.15,0
-2.26914131933921,-1.15,0
-2.26547608809328,-1.15,0
-2.26181085684736,-1.15,0
-2.25814562560144,-1.15,0
-2.25448039435552,-1.15,0
-2.2508151631096,-1.15,0
-2.24714993186368,-1.15,0
-2.24348470061776,-1.15,0
-2.23981946937184,-1.15,0
-2.23615423812592,-1.15,0
-2.23248900688,-1.15,0
-2.22882377563408,-1.15,0
-2.22515854438816,-1.15,0
-2.22149331314224,-1.15,0
-2.21782808189632,-1.15,0
-2.2141628506504,-1.15,0
-2.21049761940448,-1.15,0
-2.20683238815856,-1.15,0
-2.20316715691264,-1.15,0
-2.19950192566672,-1.15,0
-2.1958366944208,-1.15,0
-2.19217146317488,-1.15,0
-2.18850623192896,-1.15,0
-2.18484100068304,-1.15,0
-2.18117576943712,-1.15,0
-2.1775105381912,-1.15,0
-2.17384530694528,-1.15,0
-2.17018007569936,-1.15,0
-2.16651484445344,-1.15,0
-2.16284961320751,-1.15,0
-2.15918438196159,-1.15,0
-2.15551915071567,-1.15,0
-2.15185391946975,-1.15,0
-2.14818868822383,-1.15,0
-2.14452345697791,-1.15,0
-2.14085822573199,-1.15,0
-2.13719299448607,-1.15,0
-2.13352776324015,-1.15,0
-2.12986253199423,-1.15,0
-2.12619730074831,-1.15,0
-2.12253206950239,-1.15,0
-2.11886683825647,-1.15,0
-2.11520160701055,-1.15,0
-2.11153637576463,-1.15,0
-2.10787114451871,-1.15,0
-2.10420591327279,-1.15,0
-2.10054068202687,-1.15,0
-2.09687545078095,-1.15,0
-2.09321021953503,-1.15,0
-2.08954498828911,-1.15,0
-2.08587975704319,-1.15,0
-2.08221452579727,-1.15,0
-2.07854929455135,-1.15,0
-2.07488406330543,-1.15,0
-2.07121883205951,-1.15,0
-2.06755360081359,-1.15,0
-2.06388836956766,-1.15,0
-2.06022313832174,-1.15,0
-2.05655790707582,-1.15,0
-2.0528926758299,-1.15,0
-2.04922744458398,-1.15,0
-2.04556221333806,-1.15,0
-2.04189698209214,-1.15,0
-2.03823175084622,-1.15,0
-2.0345665196003,-1.15,0
-2.03090128835438,-1.15,0
-2.02723605710846,-1.15,0
-2.02357082586254,-1.15,0
-2.01990559461662,-1.15,0
-2.0162403633707,-1.15,0
-2.01257513212478,-1.15,0
-2.00890990087886,-1.15,0
-2.00524466963294,-1.15,0
-2.00157943838702,-1.15,0
-1.9979142071411,-1.15,0
-1.99424897589518,-1.15,0
-1.99058374464926,-1.15,0
-1.98691851340334,-1.15,0
-1.98325328215742,-1.15,0
-1.9795880509115,-1.15,0
-1.97592281966558,-1.15,0
-1.97225758841966,-1.15,0
-1.96859235717374,-1.15,0
-1.96492712592782,-1.15,0
-1.9612618946819,-1.15,0
-1.95759666343597,-1.15,0
-1.95393143219005,-1.15,0
-1.95026620094413,-1.15,0
-1.94660096969821,-1.15,0
-1.94293573845229,-1.15,0
-1.93927050720637,-1.15,0
-1.93560527596045,-1.15,0
-1.93194004471453,-1.15,0
-1.92827481346861,-1.15,0
-1.92460958222269,-1.15,0
-1.92094435097677,-1.15,0
-1.91727911973085,-1.15,0
-1.91361388848493,-1.15,0
-1.90994865723901,-1.15,0
-1.90628342599309,-1.15,0
-1.90261819474717,-1.15,0
-1.89895296350125,-1.15,0
-1.89528773225533,-1.15,0
-1.89162250100941,-1.15,0
-1.88795726976349,-1.15,0
-1.88429203851757,-1.15,0
-1.88062680727165,-1.15,0
-1.87696157602573,-1.15,0
-1.87329634477981,-1.15,0
-1.86963111353389,-1.15,0
-1.86596588228797,-1.15,0
-1.86230065104205,-1.15,0
-1.85863541979612,-1.15,0
-1.85497018855021,-1.15,0
-1.85130495730428,-1.15,0
-1.84763972605836,-1.15,0
-1.84397449481244,-1.15,0
-1.84030926356652,-1.15,0
-1.8366440323206,-1.15,0
-1.83297880107468,-1.15,0
-1.82931356982876,-1.15,0
-1.82564833858284,-1.15,0
-1.82198310733692,-1.15,0
-1.818317876091,-1.15,0
-1.81465264484508,-1.15,0
-1.81098741359916,-1.15,0
-1.80732218235324,-1.15,0
-1.80365695110732,-1.15,0
-1.7999917198614,-1.15,0
-1.79632648861548,-1.15,0
-1.79266125736956,-1.15,0
-1.78899602612364,-1.15,0
-1.78533079487772,-1.15,0
-1.7816655636318,-1.15,0
-1.77800033238588,-1.15,0
-1.77433510113996,-1.15,0
-1.77066986989404,-1.15,0
-1.76700463864812,-1.15,0
-1.7633394074022,-1.15,0
-1.75967417615628,-1.15,0
-1.75600894491035,-1.15,0
-1.75234371366443,-1.15,0
-1.74867848241851,-1.15,0
-1.74501325117259,-1.15,0
-1.74134801992667,-1.15,0
-1.73768278868075,-1.15,0
-1.73401755743483,-1.15,0
-1.73035232618891,-1.15,0
-1.72668709494299,-1.15,0
-1.72302186369707,-1.15,0
-1.71935663245115,-1.15,0
-1.71569140120523,-1.15,0
-1.71202616995931,-1.15,0
-1.70836093871339,-1.15,0
-1.70469570746747,-1.15,0
-1.70103047622155,-1.15,0
-1.69736524497563,-1.15,0
-1.69370001372971,-1.15,0
-1.69003478248379,-1.15,0
-1.68636955123787,-1.15,0
-1.68270431999195,-1.15,0
-1.67903908874603,-1.15,0
-1.67537385750011,-1.15,0
-1.67170862625419,-1.15,0
-1.66804339500827,-1.15,0
-1.66437816376235,-1.15,0
-1.66071293251643,-1.15,0
-1.65704770127051,-1.15,0
-1.65338247002458,-1.15,0
-1.64971723877866,-1.15,0
-1.64605200753274,-1.15,0
-1.64238677628682,-1.15,0
-1.6387215450409,-1.15,0
-1.63505631379498,-1.15,0
-1.63139108254906,-1.15,0
-1.62772585130314,-1.15,0
-1.62406062005722,-1.15,0
-1.6203953888113,-1.15,0
-1.61673015756538,-1.15,0
-1.61306492631946,-1.15,0
-1.60939969507354,-1.15,0
-1.60573446382762,-1.15,0
-1.6020692325817,-1.15,0
-1.59840400133578,-1.15,0
-1.59473877008986,-1.15,0
-1.59107353884394,-1.15,0
-1.58740830759802,-1.15,0
-1.5837430763521,-1.15,0
-1.58007784510618,-1.15,0
-1.57641261386026,-1.15,0
-1.57274738261434,-1.15,0
-1.56908215136842,-1.15,0
-1.5654169201225,-1.15,0
-1.56175168887658,-1.15,0
-1.55808645763066,-1.15,0
-1.55442122638474,-1.15,0
-1.55075599513882,-1.15,0
-1.54709076389289,-1.15,0
-1.54342553264697,-1.15,0
-1.53976030140105,-1.15,0
-1.53609507015513,-1.15,0
-1.53242983890921,-1.15,0
-1.52876460766329,-1.15,0
-1.52509937641737,-1.15,0
-1.52143414517145,-1.15,0
-1.51776891392553,-1.15,0
-1.51410368267961,-1.15,0
-1.51043845143369,-1.15,0
-1.50677322018777,-1.15,0
-1.50310798894185,-1.15,0
-1.49944275769593,-1.15,0
-1.49577752645001,-1.15,0
-1.49211229520409,-1.15,0
-1.48844706395817,-1.15,0
-1.48478183271225,-1.15,0
-1.48111660146633,-1.15,0
-1.47745137022041,-1.15,0
-1.47378613897449,-1.15,0
-1.47012090772857,-1.15,0
-1.46645567648265,-1.15,0
-1.46279044523673,-1.15,0
-1.45912521399081,-1.15,0
-1.45545998274489,-1.15,0
-1.45179475149896,-1.15,0
-1.44812952025304,-1.15,0
-1.44446428900712,-1.15,0
-1.4407990577612,-1.15,0
-1.43713382651528,-1.15,0
-1.43346859526936,-1.15,0
-1.42980336402344,-1.15,0
-1.42613813277752,-1.15,0
-1.4224729015316,-1.15,0
-1.41880767028568,-1.15,0
-1.41514243903976,-1.15,0
-1.41147720779384,-1.15,0
-1.40781197654792,-1.15,0
-1.404146745302,-1.15,0
-1.40048151405608,-1.15,0
-1.39681628281016,-1.15,0
-1.39315105156424,-1.15,0
-1.38948582031832,-1.15,0
-1.3858205890724,-1.15,0
-1.38215535782648,-1.15,0
-1.37849012658056,-1.15,0
-1.37482489533464,-1.15,0
-1.37115966408872,-1.15,0
-1.3674944328428,-1.15,0
-1.36382920159688,-1.15,0
-1.36016397035096,-1.15,0
-1.35649873910504,-1.15,0
-1.35283350785912,-1.15,0
-1.3491682766132,-1.15,0
-1.34550304536727,-1.15,0
-1.34183781412135,-1.15,0
-1.33817258287543,-1.15,0
-1.33450735162951,-1.15,0
-1.33084212038359,-1.15,0
-1.32717688913767,-1.15,0
-1.32351165789175,-1.15,0
-1.31984642664583,-1.15,0
-1.31618119539991,-1.15,0
-1.31251596415399,-1.15,0
-1.30885073290807,-1.15,0
-1.30518550166215,-1.15,0
-1.30152027041623,-1.15,0
-1.29785503917031,-1.15,0
-1.29418980792439,-1.15,0
-1.29052457667847,-1.15,0
-1.28685934543255,-1.15,0
-1.28319411418663,-1.15,0
-1.27952888294071,-1.15,0
-1.27586365169479,-1.15,0
-1.27219842044887,-1.15,0
-1.26853318920295,-1.15,0
-1.26486795795703,-1.15,0
-1.26120272671111,-1.15,0
-1.25753749546519,-1.15,0
-1.25387226421927,-1.15,0
-1.25020703297335,-1.15,0
-1.24654180172743,-1.15,0
-1.2428765704815,-1.15,0
-1.23921133923558,-1.15,0
-1.23554610798966,-1.15,0
-1.23188087674374,-1.15,0
-1.22821564549782,-1.15,0
-1.2245504142519,-1.15,0
-1.22088518300598,-1.15,0
-1.21721995176006,-1.15,0
-1.21355472051414,-1.15,0
-1.20988948926822,-1.15,0
-1.2062242580223,-1.15,0
-1.20255902677638,-1.15,0
-1.19889379553046,-1.15,0
-1.19522856428454,-1.15,0
-1.19156333303862,-1.15,0
-1.1878981017927,-1.15,0
-1.18423287054678,-1.15,0
-1.18056763930086,-1.15,0
-1.17690240805494,-1.15,0
-1.17323717680902,-1.15,0
-1.1695719455631,-1.15,0
-1.16590671431718,-1.15,0
-1.16224148307126,-1.15,0
-1.15857625182534,-1.15,0
-1.15491102057942,-1.15,0
-1.1512457893335,-1.15,0
-1.14758055808758,-1.15,0
-1.14391532684165,-1.15,0
-1.14025009559573,-1.15,0
-1.13658486434981,-1.15,0
-1.13291963310389,-1.15,0
-1.12925440185797,-1.15,0
-1.12558917061205,-1.15,0
-1.12192393936613,-1.15,0
-1.11825870812021,-1.15,0
-1.11459347687429,-1.15,0
-1.11092824562837,-1.15,0
-1.10726301438245,-1.15,0
-1.10359778313653,-1.15,0
-1.09993255189061,-1.15,0
-1.09626732064469,-1.15,0
-1.09260208939877,-1.15,0
-1.08893685815285,-1.15,0
-1.08527162690693,-1.15,0
-1.08160639566101,-1.15,0
-1.07794116441509,-1.15,0
-1.07427593316917,-1.15,0
-1.07061070192325,-1.15,0
-1.06694547067733,-1.15,0
-1.06328023943141,-1.15,0
-1.05961500818549,-1.15,0
-1.05594977693957,-1.15,0
-1.05228454569365,-1.15,0
-1.04861931444773,-1.15,0
-1.04495408320181,-1.15,0
-1.04128885195588,-1.15,0
-1.03762362070996,-1.15,0
-1.03395838946404,-1.15,0
-1.03029315821812,-1.15,0
-1.0266279269722,-1.15,0
-1.02296269572628,-1.15,0
-1.01929746448036,-1.15,0
-1.01563223323444,-1.15,0
-1.01196700198852,-1.15,0
-1.0083017707426,-1.15,0
-1.00463653949668,-1.15,0
-1.00097130825076,-1.15,0
-0.997306077004841,-1.15,0
-0.99364084575892,-1.15,0
-0.989975614513,-1.15,0
-0.986310383267079,-1.15,0
-0.982645152021159,-1.15,0
-0.978979920775239,-1.15,0
-0.975314689529318,-1.15,0
-0.971649458283398,-1.15,0
-0.967984227037478,-1.15,0
-0.964318995791558,-1.15,0
-0.960653764545637,-1.15,0
-0.956988533299717,-1.15,0
-0.953323302053796,-1.15,0
-0.949658070807876,-1.15,0
-0.945992839561955,-1.15,0
-0.942327608316035,-1.15,0
-0.938662377070115,-1.15,0
-0.934997145824195,-1.15,0
-0.931331914578274,-1.15,0
-0.927666683332354,-1.15,0
-0.924001452086433,-1.15,0
-0.920336220840513,-1.15,0
-0.916670989594592,-1.15,0
-0.913005758348672,-1.15,0
-0.909340527102752,-1.15,0
-0.905675295856831,-1.15,0
-0.902010064610911,-1.15,0
-0.898344833364991,-1.15,0
-0.894679602119071,-1.15,0
-0.89101437087315,-1.15,0
-0.88734913962723,-1.15,0
-0.88368390838131,-1.15,0
-0.880018677135389,-1.15,0
-0.876353445889469,-1.15,0
-0.872688214643548,-1.15,0
-0.869022983397628,-1.15,0
-0.865357752151708,-1.15,0
-0.861692520905787,-1.15,0
-0.858027289659867,-1.15,0
-0.854362058413947,-1.15,0
-0.850696827168026,-1.15,0
-0.847031595922106,-1.15,0
-0.843366364676185,-1.15,0
-0.839701133430265,-1.15,0
-0.836035902184344,-1.15,0
-0.832370670938424,-1.15,0
-0.828705439692504,-1.15,0
-0.825040208446584,-1.15,0
-0.821374977200664,-1.15,0
-0.817709745954743,-1.15,0
-0.814044514708823,-1.15,0
-0.810379283462902,-1.15,0
-0.806714052216982,-1.15,0
-0.803048820971062,-1.15,0
-0.799383589725141,-1.15,0
-0.795718358479221,-1.15,0
-0.7920531272333,-1.15,0
-0.78838789598738,-1.15,0
-0.78472266474146,-1.15,0
-0.781057433495539,-1.15,0
-0.777392202249619,-1.15,0
-0.773726971003699,-1.15,0
-0.770061739757778,-1.15,0
-0.766396508511858,-1.15,0
-0.762731277265938,-1.15,0
-0.759066046020017,-1.15,0
-0.755400814774097,-1.15,0
-0.751735583528176,-1.15,0
-0.748070352282256,-1.15,0
-0.744405121036336,-1.15,0
-0.740739889790416,-1.15,0
-0.737074658544495,-1.15,0
-0.733409427298575,-1.15,0
-0.729744196052654,-1.15,0
-0.726078964806734,-1.15,0
-0.722413733560813,-1.15,0
-0.718748502314893,-1.15,0
-0.715083271068973,-1.15,0
-0.711418039823053,-1.15,0
-0.707752808577132,-1.15,0
-0.704087577331212,-1.15,0
-0.700422346085291,-1.15,0
-0.696757114839371,-1.15,0
-0.693091883593451,-1.15,0
-0.689426652347531,-1.15,0
-0.68576142110161,-1.15,0
-0.68209618985569,-1.15,0
-0.678430958609769,-1.15,0
-0.674765727363849,-1.15,0
-0.671100496117929,-1.15,0
-0.667435264872008,-1.15,0
-0.663770033626088,-1.15,0
-0.660104802380168,-1.15,0
-0.656439571134247,-1.15,0
-0.652774339888327,-1.15,0
-0.649109108642406,-1.15,0
-0.645443877396486,-1.15,0
-0.641778646150565,-1.15,0
-0.638113414904645,-1.15,0
-0.634448183658725,-1.15,0
-0.630782952412805,-1.15,0
-0.627117721166884,-1.15,0
-0.623452489920964,-1.15,0
-0.619787258675044,-1.15,0
-0.616063063604599,-1.14999998841089,0
-0.615637482810407,-1.14999977476196,0
-0.615211902315768,-1.14999922652818,0
-0.614786322383643,-1.14999834370987,0
-0.614360743277048,-1.1499971263076,0
-0.613935165259214,-1.1499955743221,0
-0.613509588592938,-1.14999368775433,0
-0.613084013541396,-1.14999146660547,0
-0.61265844036771,-1.14998891087689,0
-0.612232869334567,-1.14998602057016,0
-0.611807300705519,-1.14998279568708,0
-0.611381734743197,-1.14997923622963,0
-0.610956171710827,-1.14997534220002,0
-0.610530611871363,-1.14997111360065,0
-0.610105055487973,-1.14996655043414,0
-0.609679502823499,-1.14996165270331,0
-0.609253954141052,-1.14995642041118,0
-0.608828409703689,-1.14995085356098,0
-0.608402869774408,-1.14994495215617,0
-0.607977334616208,-1.14993871620038,0
-0.607551804492188,-1.14993214569747,0
-0.607126279665293,-1.14992524065151,0
-0.606700760398456,-1.14991800106675,0
-0.606275246954829,-1.14991042694768,0
-0.605849739597396,-1.14990251829898,0
-0.605424238589034,-1.14989427512553,0
-0.604998744192829,-1.14988569743243,0
-0.60457325667187,-1.14987678522498,0
-0.604147776288909,-1.14986753850869,0
-0.603722303307192,-1.14985795728928,0
-0.603296837989468,-1.14984804157266,0
-0.602871380598867,-1.14983779136496,0
-0.602445931398238,-1.14982720667253,0
-0.602020490650701,-1.1498162875019,0
-0.601595058619103,-1.14980503385983,0
-0.601169635566392,-1.14979344575326,0
-0.600744221755511,-1.14978152318936,0
-0.600318817449404,-1.1497692661755,0
-0.599893422911226,-1.14975667471926,0
-0.599468038403477,-1.14974374882842,0
-0.599042664189513,-1.14973048851096,0
-0.598617300531939,-1.14971689377509,0
-0.598191947693886,-1.1497029646292,0
-0.597766605938001,-1.14968870108191,0
-0.597341275527517,-1.14967410314203,0
-0.596915956725119,-1.14965917081858,0
-0.596490649793602,-1.1496439041208,0
-0.596065354996076,-1.14962830305812,0
-0.595640072595261,-1.14961236764018,0
-0.595214802854045,-1.14959609787683,0
-0.594789546035254,-1.14957949377813,0
-0.594364302401808,-1.14956255535435,0
-0.593939072216515,-1.14954528261594,0
-0.593513855742244,-1.14952767557359,0
-0.593088653241576,-1.14950973423818,0
-0.592663464977675,-1.1494914586208,0
-0.592238291213174,-1.14947284873274,0
-0.591813132210796,-1.14945390458551,0
-0.591387988233475,-1.14943462619082,0
-0.590962859543822,-1.14941501356057,0
-0.590537746404695,-1.1493950667069,0
-0.59011264907891,-1.14937478564213,0
-0.589687567829158,-1.14935417037881,0
-0.589262502918176,-1.14933322092966,0
-0.588837454608641,-1.14931193730764,0
-0.588412423163334,-1.14929031952591,0
-0.587987408844916,-1.14926836759782,0
-0.587562411916152,-1.14924608153694,0
-0.58713743263963,-1.14922346135706,0
-0.586712471278106,-1.14920050707214,0
-0.586287528094202,-1.14917721869638,0
-0.585862603350606,-1.14915359624417,0
-0.585437697309872,-1.14912963973012,0
-0.585012810234713,-1.14910534916902,0
-0.584587942387734,-1.1490807245759,0
-0.584163094031528,-1.14905576596597,0
-0.583738265428656,-1.14903047335466,0
-0.583313456841712,-1.1490048467576,0
-0.58288866853336,-1.14897888619064,0
-0.582463900766045,-1.14895259166981,0
-0.582039153802257,-1.14892596321137,0
-0.581614427904748,-1.14889900083179,0
-0.581189723335779,-1.14887170454772,0
-0.580765040358031,-1.14884407437603,0
-0.580340379233886,-1.1488161103338,0
-0.579915740225916,-1.14878781243833,0
-0.579491123596545,-1.14875918070709,0
-0.579066529608197,-1.14873021515779,0
-0.578641958523286,-1.14870091580832,0
-0.578217410604325,-1.14867128267681,0
-0.577792886113653,-1.14864131578155,0
-0.577368385313703,-1.14861101514109,0
-0.576943908466737,-1.14858038077413,0
-0.576519455835292,-1.14854941269963,0
-0.576095027681644,-1.14851811093671,0
-0.575670624268098,-1.14848647550473,0
-0.575246245857024,-1.14845450642325,0
-0.574821892710576,-1.148422203712,0
-0.574397565091291,-1.14838956739099,0
-0.573973263261182,-1.14835659748035,0
-0.57354898748274,-1.14832329400048,0
-0.57312473801803,-1.14828965697196,0
-0.572700515129323,-1.14825568641558,0
-0.572276319078795,-1.14822138235234,0
-0.571852150128793,-1.14818674480345,0
-0.571428008541336,-1.1481517737903,0
-0.571003894578566,-1.14811646933451,0
-0.570579808502639,-1.1480808314579,0
-0.570155750575842,-1.14804486018252,0
-0.569731721060085,-1.14800855553058,0
-0.569307720217477,-1.14797191752453,0
-0.568883748310216,-1.14793494618701,0
-0.568459805600116,-1.14789764154086,0
-0.568035892349563,-1.14786000360917,0
-0.567612008820193,-1.14782203241517,0
-0.567188155274256,-1.14778372798234,0
-0.566764331973564,-1.14774509033436,0
-0.566340539180352,-1.14770611949513,0
-0.565916777156189,-1.14766681548869,0
-0.565493046163219,-1.14762717833937,0
-0.565069346463316,-1.14758720807166,0
-0.56464567831844,-1.14754690471028,0
-0.564222041990215,-1.1475062682801,0
-0.563798437740722,-1.14746529880628,0
-0.563374865831669,-1.14742399631412,0
-0.562951326524964,-1.14738236082916,0
-0.562527820082171,-1.14734039237711,0
-0.562104346765266,-1.14729809098394,0
-0.561680906835949,-1.14725545667578,0
-0.561257500555906,-1.14721248947899,0
-0.560834128186846,-1.14716918942012,0
-0.560410789990387,-1.14712555652593,0
-0.559987486228355,-1.14708159082341,0
-0.559564217162178,-1.14703729233971,0
-0.559140983053715,-1.14699266110222,0
-0.558717784164306,-1.14694769713853,0
-0.558294620755673,-1.14690240047642,0
-0.557871493089376,-1.1468567711439,0
-0.557448401426856,-1.14681080916916,0
-0.557025346029731,-1.14676451458063,0
-0.556602327159363,-1.14671788740689,0
-0.556179345077359,-1.1466709276768,0
-0.555756400045024,-1.14662363541936,0
-0.555333492323818,-1.1465760106638,0
-0.554910622175144,-1.14652805343956,0
-0.554487789860356,-1.14647976377628,0
-0.554064995640781,-1.14643114170381,0
-0.553642239777951,-1.14638218725222,0
-0.553219522532766,-1.14633290045173,0
-0.552796844166909,-1.14628328133284,0
-0.552374204941351,-1.14623332992619,0
-0.551951605117406,-1.14618304626267,0
-0.55152904495633,-1.14613243037337,0
-0.551106524719199,-1.14608148228954,0
-0.55068404466734,-1.14603020204272,0
-0.550261605061667,-1.14597858966456,0
-0.549839206163482,-1.14592664518699,0
-0.549416848233623,-1.14587436864208,0
-0.548994531533399,-1.14582176006219,0
-0.548572256323719,-1.14576881947981,0
-0.548150022865575,-1.14571554692766,0
-0.547727831419949,-1.14566194243867,0
-0.547305682247771,-1.14560800604597,0
-0.546883575610054,-1.14555373778291,0
-0.546461511767645,-1.14549913768303,0
-0.546039490981445,-1.14544420578007,0
-0.54561751351216,-1.14538894210797,0
-0.545195579620781,-1.14533334670091,0
-0.544773689568,-1.14527741959324,0
-0.544351843614672,-1.14522116081954,0
-0.543930042021364,-1.14516457041456,0
-0.543508285049059,-1.14510764841332,0
-0.543086572958154,-1.14505039485095,0
-0.542664906009453,-1.14499280976287,0
-0.54224328446358,-1.14493489318467,0
-0.541821708581022,-1.14487664515213,0
-0.541400178622558,-1.14481806570128,0
-0.540978694848559,-1.14475915486831,0
-0.540557257519557,-1.14469991268962,0
-0.540135866896101,-1.14464033920186,0
-0.539714523238602,-1.14458043444182,0
-0.539293226807522,-1.14452019844655,0
-0.538871977863163,-1.14445963125325,0
-0.538450776666016,-1.14439873289939,0
-0.538029623476363,-1.1443375034226,0
-0.537608518554524,-1.14427594286071,0
-0.537187462160704,-1.14421405125178,0
-0.536766454555302,-1.14415182863408,0
-0.536345495998404,-1.14408927504604,0
-0.535924586750263,-1.14402639052634,0
-0.535503727070989,-1.14396317511384,0
-0.535082917220813,-1.14389962884764,0
-0.534662157459723,-1.14383575176698,0
-0.534241448047792,-1.14377154391135,0
-0.533820789245114,-1.14370700532045,0
-0.533400181311659,-1.14364213603416,0
-0.532979624507386,-1.14357693609258,0
-0.532559119092312,-1.14351140553601,0
-0.532138665326151,-1.14344554440493,0
-0.531718263469081,-1.1433793527401,0
-0.531297913780636,-1.14331283058238,0
-0.530877616520843,-1.14324597797291,0
-0.530457371949416,-1.14317879495301,0
-0.530037180326149,-1.14311128156421,0
-0.529617041910556,-1.14304343784821,0
-0.52919695696249,-1.14297526384697,0
-0.528776925741717,-1.14290675960264,0
-0.528356948507623,-1.14283792515753,0
-0.527937025519831,-1.1427687605542,0
-0.527517157038029,-1.1426992658354,0
-0.527097343321516,-1.14262944104407,0
-0.526677584630073,-1.14255928622341,0
-0.526257881222789,-1.14248880141672,0
-0.525838233359402,-1.14241798666762,0
-0.525418641299014,-1.14234684201984,0
-0.52499910530125,-1.14227536751739,0
-0.524579625625134,-1.14220356320441,0
-0.5241602025301,-1.1421314291253,0
-0.523740836275416,-1.14205896532465,0
-0.523321527120265,-1.14198617184725,0
-0.52290227532367,-1.14191304873807,0
-0.522483081144943,-1.14183959604233,0
-0.522063944843179,-1.14176581380543,0
-0.521644866677271,-1.14169170207295,0
-0.521225846906415,-1.14161726089072,0
-0.520806885789486,-1.14154249030474,0
-0.520387983585612,-1.14146739036125,0
-0.519969140553436,-1.14139196110662,0
-0.519550356952154,-1.14131620258752,0
-0.519131633040281,-1.14124011485073,0
-0.518712969076943,-1.14116369794333,0
-0.518294365320622,-1.14108695191249,0
-0.517875822030302,-1.14100987680571,0
-0.517457339464599,-1.14093247267061,0
-0.517038917881961,-1.14085473955498,0
-0.516620557541326,-1.14077667750694,0
-0.516202258701123,-1.1406982865747,0
-0.515784021619818,-1.14061956680671,0
-0.515365846556172,-1.14054051825166,0
-0.51494773376833,-1.14046114095835,0
-0.514529683515039,-1.14038143497591,0
-0.514111696054356,-1.14030140035353,0
-0.513693771644874,-1.14022103714074,0
-0.51327591054496,-1.14014034538721,0
-0.512858113012617,-1.14005932514277,0
-0.512440379306318,-1.13997797645753,0
-0.512022709684135,-1.13989629938176,0
-0.511605104404242,-1.13981429396594,0
-0.51118756372487,-1.13973196026078,0
-0.510770087903854,-1.13964929831712,0
-0.510352677199561,-1.13956630818613,0
-0.509935331869643,-1.13948298991902,0
-0.509518052172252,-1.13939934356734,0
-0.50910083836528,-1.13931536918278,0
-0.508683690706589,-1.13923106681724,0
-0.508266609454054,-1.13914643652283,0
-0.507849594865299,-1.13906147835184,0
-0.507432647198292,-1.13897619235681,0
-0.50701576671067,-1.13889057859045,0
-0.506598953659976,-1.13880463710565,0
-0.506182208304044,-1.13871836795556,0
-0.505765530900209,-1.13863177119347,0
-0.505348921706307,-1.13854484687295,0
-0.504932380979672,-1.13845759504769,0
-0.50451590897767,-1.13837001577161,0
-0.504099505957908,-1.13828210909888,0
-0.503683172177697,-1.13819387508381,0
-0.503266907894278,-1.13810531378094,0
-0.5028507133651,-1.13801642524502,0
-0.50243458884714,-1.13792720953094,0
-0.502018534597948,-1.13783766669393,0
-0.501602550874398,-1.13774779678926,0
-0.501186637933795,-1.13765759987252,0
-0.500770796033024,-1.13756707599943,0
-0.500355025429347,-1.13747622522598,0
-0.499939326379412,-1.13738504760826,0
-0.499523699140576,-1.13729354320271,0
-0.499108143969317,-1.1372017120658,0
-0.49869266112279,-1.13710955425436,0
-0.498277250857697,-1.13701706982532,0
-0.497861913430714,-1.13692425883584,0
-0.4974466490987,-1.1368311213433,0
-0.497031458118183,-1.13673765740525,0
-0.496616340745876,-1.13664386707947,0
-0.496201297238411,-1.13654975042395,0
-0.495786327852133,-1.13645530749681,0
-0.495371432843621,-1.13636053835644,0
-0.49495661246951,-1.13626544306148,0
-0.494541866985886,-1.13617002167063,0
-0.494127196649278,-1.1360742742429,0
-0.493712601715974,-1.13597820083747,0
-0.493298082442084,-1.1358818015137,0
-0.492883639084007,-1.1357850763312,0
-0.492469271897771,-1.13568802534973,0
-0.492054981139717,-1.13559064862934,0
-0.491640767065482,-1.1354929462301,0
-0.491226629931593,-1.13539491821252,0
-0.490812569993656,-1.13529656463711,0
-0.490398587507664,-1.13519788556468,0
-0.489984682729626,-1.13509888105625,0
-0.489570855915273,-1.13499955117298,0
-0.489157107320437,-1.13489989597629,0
-0.488743437200716,-1.13479991552774,0
-0.488329845812009,-1.13469960988917,0
-0.487916333409725,-1.13459897912253,0
-0.487502900249668,-1.13449802329008,0
-0.487089546587134,-1.13439674245414,0
-0.48667627267788,-1.1342951366774,0
-0.486263078777166,-1.1341932060226,0
-0.485849965140344,-1.13409095055273,0
-0.485436932022906,-1.13398837033104,0
-0.485023979680092,-1.13388546542093,0
-0.484611108367015,-1.13378223588595,0
-0.484198318339118,-1.13367868178998,0
-0.483785609851314,-1.13357480319697,0
-0.483372983158741,-1.13347060017114,0
-0.482960438516529,-1.13336607277691,0
-0.482547976179475,-1.13326122107884,0
-0.482135596402872,-1.13315604514184,0
-0.481723299441164,-1.13305054503079,0
-0.481311085549517,-1.13294472081099,0
-0.48089895498255,-1.13283857254781,0
-0.480486907995099,-1.13273210030688,0
-0.48007494484167,-1.13262530415396,0
-0.479663065777173,-1.13251818415514,0
-0.479251271055871,-1.13241074037655,0
-0.478839560932559,-1.13230297288466,0
-0.478427935661473,-1.13219488174602,0
-0.478016395497329,-1.13208646702752,0
-0.477604940694107,-1.13197772879608,0
-0.477193571506458,-1.13186866711897,0
-0.47678228818845,-1.13175928206357,0
-0.476371090994422,-1.13164957369753,0
-0.475959980178365,-1.13153954208859,0
-0.475548955994591,-1.13142918730483,0
-0.475138018696998,-1.13131850941442,0
-0.474727168539574,-1.13120750848577,0
-0.47431640577633,-1.1310961845875,0
-0.47390573066116,-1.13098453778841,0
-0.473495143447778,-1.1308725681575,0
-0.473084644390153,-1.13076027576401,0
-0.472674233741863,-1.13064766067731,0
-0.472263911756543,-1.130534722967,0
-0.471853678687982,-1.13042146270293,0
-0.471443534789584,-1.13030787995506,0
-0.471033480314948,-1.13019397479363,0
-0.47062351551746,-1.13007974728901,0
-0.470213640650542,-1.12996519751183,0
-0.469803855967482,-1.12985032553286,0
-0.469394161721713,-1.12973513142315,0
-0.468984558166183,-1.12961961525382,0
-0.468575045554455,-1.12950377709638,0
-0.468165624139148,-1.1293876170223,0
-0.467756294173864,-1.12927113510351,0
-0.467347055911138,-1.12915433141189,0
-0.466937909604208,-1.12903720601971,0
-0.466528855505873,-1.12891975899934,0
-0.466119893868908,-1.12880199042336,0
-0.465711024946121,-1.12868390036456,0
-0.465302248990228,-1.12856548889594,0
-0.464893566253959,-1.12844675609071,0
-0.46448497698978,-1.12832770202222,0
-0.464076481450383,-1.12820832676409,0
-0.463668079888129,-1.12808863039006,0
-0.463259772555593,-1.12796861297418,0
-0.462851559704854,-1.12784827459053,0
-0.46244344158859,-1.1277276153136,0
-0.462035418458732,-1.12760663521788,0
-0.461627490567799,-1.12748533437823,0
-0.461219658167587,-1.12736371286953,0
-0.460811921510382,-1.12724177076702,0
-0.460404280848163,-1.12711950814605,0
-0.459996736432856,-1.12699692508219,0
-0.459589288516409,-1.12687402165121,0
-0.459181937350544,-1.12675079792905,0
-0.458774683187192,-1.12662725399192,0
-0.458367526277929,-1.12650338991612,0
-0.457960466874585,-1.12637920577829,0
-0.457553505228623,-1.12625470165512,0
-0.457146641591539,-1.12612987762357,0
-0.456739876214918,-1.12600473376081,0
-0.456333209350199,-1.1258792701442,0
-0.455926641248664,-1.12575348685128,0
-0.455520172161482,-1.12562738395973,0
-0.455113802340186,-1.12550096154761,0
-0.454707532035823,-1.12537421969301,0
-0.454301361499305,-1.1252471584742,0
-0.45389529098189,-1.12511977796979,0
-0.453489320734614,-1.12499207825853,0
-0.453083451008179,-1.12486405941927,0
-0.452677682053649,-1.12473572153121,0
-0.45227201412174,-1.12460706467363,0
-0.451866447463185,-1.12447808892607,0
-0.451460982328646,-1.12434879436823,0
-0.45105561896882,-1.12421918108006,0
-0.450650357634152,-1.12408924914164,0
-0.450245198575146,-1.12395899863327,0
-0.449840142042372,-1.12382842963552,0
-0.449435188285898,-1.123697542229,0
-0.449030337556345,-1.1235663364947,0
-0.448625590103691,-1.12343481251364,0
-0.448220946178219,-1.12330297036715,0
-0.447816406030073,-1.12317081013674,0
-0.447411969909209,-1.12303833190406,0
-0.447007638065635,-1.122905535751,0
-0.446603410749325,-1.12277242175968,0
-0.446199288209919,-1.12263899001228,0
-0.445795270697451,-1.12250524059138,0
-0.445391358461552,-1.1223711735796,0
-0.4449875517518,-1.1222367890598,0
-0.444583850817827,-1.12210208711503,0
-0.44418025590921,-1.12196706782859,0
-0.44377676727536,-1.12183173128391,0
-0.443373385165593,-1.12169607756462,0
-0.44297010982936,-1.12156010675459,0
-0.442566941515935,-1.12142381893789,0
-0.442163880474312,-1.12128721419867,0
-0.441760926953867,-1.12115029262146,0
-0.44135808120348,-1.12101305429083,0
-0.440955343472209,-1.12087549929162,0
-0.440552714008986,-1.12073762770885,0
-0.440150193062613,-1.12059943962773,0
-0.439747780882038,-1.12046093513371,0
-0.439345477715792,-1.12032211431235,0
-0.438943283812679,-1.12018297724948,0
-0.438541199421177,-1.12004352403108,0
-0.438139224789886,-1.11990375474336,0
-0.437737360167246,-1.11976366947271,0
-0.437335605801606,-1.11962326830569,0
-0.436933961941373,-1.11948255132912,0
-0.436532428834656,-1.11934151862993,0
-0.436131006729835,-1.11920017029536,0
-0.435729695874751,-1.11905850641267,0
-0.435328496517698,-1.11891652706951,0
-0.434927408906592,-1.11877423235362,0
-0.43452643328929,-1.11863162235293,0
-0.434125569913559,-1.11848869715555,0
-0.433724819027363,-1.11834545684991,0
-0.433324180878197,-1.11820190152446,0
-0.432923655713842,-1.11805803126799,0
-0.432523243781806,-1.1179138461694,0
-0.432122945329508,-1.11776934631778,0
-0.431722760604523,-1.11762453180251,0
-0.431322689854047,-1.11747940271304,0
-0.430922733325385,-1.11733395913908,0
-0.430522891265857,-1.11718820117056,0
-0.430123163922434,-1.11704212889753,0
-0.429723551542322,-1.11689574241031,0
-0.429324054372484,-1.11674904179937,0
-0.428924672659718,-1.11660202715534,0
-0.428525406651134,-1.11645469856918,0
-0.428126256593208,-1.11630705613184,0
-0.427727222732851,-1.11615909993466,0
-0.427328305316661,-1.11601083006906,0
-0.426929504591246,-1.11586224662671,0
-0.426530820802899,-1.11571334969937,0
-0.42613225419828,-1.11556413937916,0
-0.425733805023665,-1.11541461575827,0
-0.425335473525218,-1.11526477892909,0
-0.424937259949249,-1.11511462898427,0
-0.424539164541988,-1.11496416601664,0
-0.424141187549192,-1.1148133901191,0
-0.423743329217209,-1.11466230138498,0
-0.423345589791589,-1.11451089990752,0
-0.422947969518484,-1.11435918578042,0
-0.422550468643428,-1.11420715909737,0
-0.422153087412293,-1.11405481995241,0
-0.421755826070555,-1.11390216843963,0
-0.421358684863797,-1.11374920465341,0
-0.420961664037458,-1.11359592868827,0
-0.42056476383711,-1.11344234063904,0
-0.420167984507736,-1.1132884406005,0
-0.419771326294952,-1.11313422866793,0
-0.41937478944358,-1.1129797049365,0
-0.418978374199077,-1.11282486950187,0
-0.418582080806077,-1.11266972245959,0
-0.418185909509792,-1.11251426390566,0
-0.417789860555058,-1.11235849393615,0
-0.417393934186516,-1.11220241264728,0
-0.416998130649085,-1.1120460201356,0
-0.416602450187234,-1.11188931649772,0
-0.416206893045662,-1.11173230183053,0
-0.415811459468772,-1.11157497623106,0
-0.415416149700923,-1.11141733979652,0
-0.415020963986635,-1.11125939262442,0
-0.414625902570031,-1.11110113481233,0
-0.414230965695271,-1.11094256645806,0
-0.413836153606539,-1.11078368765965,0
-0.413441466547869,-1.1106244985153,0
-0.413046904763114,-1.11046499912336,0
-0.412652468496256,-1.11030518958247,0
-0.412258157991013,-1.11014506999137,0
-0.411863973491136,-1.10998464044904,0
-0.411469915240245,-1.10982390105463,0
-0.411075983481962,-1.10966285190752,0
-0.410682178459707,-1.10950149310722,0
-0.410288500416892,-1.10933982475347,0
-0.40989494959686,-1.1091778469462,0
-0.409501526242907,-1.10901555978554,0
-0.409108230598062,-1.10885296337176,0
-0.40871506290551,-1.10869005780537,0
-0.408322023408337,-1.10852684318711,0
-0.407929112349359,-1.1083633196178,0
-0.407536329971511,-1.10819948719856,0
-0.407143676517369,-1.10803534603056,0
-0.406751152229926,-1.10787089621538,0
-0.406358757351589,-1.10770613785458,0
-0.405966492124997,-1.10754107105004,0
-0.405574356792477,-1.10737569590372,0
-0.405182351596507,-1.1072100125179,0
-0.404790476779372,-1.10704402099497,0
-0.404398732583322,-1.10687772143754,0
-0.404007119250354,-1.10671111394836,0
-0.403615637022582,-1.10654419863041,0
-0.403224286142067,-1.10637697558691,0
-0.402833066850571,-1.10620944492116,0
-0.402441979389984,-1.10604160673675,0
-0.402051024001955,-1.10587346113738,0
-0.40166020092823,-1.10570500822702,0
-0.401269510410252,-1.10553624810975,0
-0.400878952689607,-1.10536718088991,0
-0.400488528007669,-1.10519780667199,0
-0.400098236605678,-1.10502812556065,0
-0.399708078724938,-1.10485813766079,0
-0.399318054606602,-1.10468784307749,0
-0.398928164491685,-1.10451724191598,0
-0.398538408621262,-1.10434633428173,0
-0.398148787236218,-1.10417512028039,0
-0.397759300577226,-1.1040036000177,0
-0.397369948885214,-1.10383177359978,0
-0.396980732400733,-1.10365964113277,0
-0.396591651364353,-1.10348720272307,0
-0.396202706016629,-1.1033144584773,0
-0.395813896597893,-1.10314140850219,0
-0.395425223348452,-1.1029680529047,0
-0.395036686508549,-1.10279439179198,0
-0.394648286318479,-1.10262042527143,0
-0.394260023018066,-1.10244615345047,0
-0.393871896847436,-1.10227157643689,0
-0.393483908046474,-1.10209669433857,0
-0.393096056855001,-1.10192150726363,0
-0.392708343512625,-1.10174601532028,0
-0.392320768259102,-1.10157021861705,0
-0.391933331334037,-1.10139411726262,0
-0.391546032976739,-1.10121771136576,0
-0.391158873426688,-1.10104100103555,0
-0.390771852923215,-1.10086398638122,0
-0.390384971705377,-1.10068666751212,0
-0.389998230012547,-1.10050904453795,0
-0.389611628083532,-1.1003311175684,0
-0.38922516615739,-1.10015288671349,0
-0.388838844472954,-1.09997435208337,0
-0.38845266326911,-1.09979551378843,0
-0.388066622784372,-1.09961637193912,0
-0.387680723257473,-1.09943692664624,0
-0.387294964926936,-1.0992571780207,0
-0.386909348031141,-1.09907712617357,0
-0.386523872808423,-1.09889677121613,0
-0.386138539497039,-1.09871611325987,0
-0.385753348335222,-1.09853515241647,0
-0.385368299561065,-1.09835388879778,0
-0.38498339341242,-1.09817232251579,0
-0.384598630127335,-1.09799045368277,0
-0.384214009943497,-1.09780828241108,0
-0.383829533098782,-1.09762580881339,0
-0.383445199830821,-1.09744303300247,0
-0.383061010376949,-1.09725995509119,0
-0.382676964974868,-1.09707657519283,0
-0.382293063861874,-1.0968928934207,0
-0.381909307275196,-1.09670890988829,0
-0.381525695452146,-1.09652462470939,0
-0.381142228629641,-1.0963400379978,0
-0.380758907044978,-1.09615514986776,0
-0.380375730934726,-1.09596996043336,0
-0.379992700536068,-1.09578446980924,0
-0.379609816085534,-1.09559867810995,0
-0.379227077819798,-1.09541258545032,0
-0.378844485975459,-1.09522619194539,0
-0.378462040789095,-1.09503949771043,0
-0.378079742496971,-1.09485250286077,0
-0.377697591335364,-1.09466520751197,0
-0.377315587540497,-1.09447761177982,0
-0.376933731348529,-1.09428971578028,0
-0.376552022995458,-1.09410151962948,0
-0.37617046271716,-1.09391302344372,0
-0.375789050749581,-1.09372422733956,0
-0.375407787328337,-1.09353513143363,0
-0.37502667268919,-1.09334573584285,0
-0.374645707067681,-1.09315604068428,0
-0.374264890699149,-1.09296604607511,0
-0.373884223819189,-1.09277575213287,0
-0.373503706662901,-1.09258515897509,0
-0.37312333946564,-1.09239426671966,0
-0.372743122462322,-1.09220307548446,0
-0.372363055888084,-1.09201158538774,0
-0.371983139977808,-1.09181979654785,0
-0.371603374966336,-1.09162770908332,0
-0.371223761088323,-1.09143532311286,0
-0.370844298578488,-1.09124263875541,0
-0.370464987671278,-1.09104965613003,0
-0.370085828601302,-1.09085637535608,0
-0.369706821602657,-1.09066279655289,0
-0.369327966909874,-1.09046891984024,0
-0.368949264756949,-1.09027474533789,0
-0.368570715377976,-1.09008027316586,0
-0.368192319007002,-1.08988550344439,0
-0.367814075877847,-1.08969043629383,0
-0.367435986224261,-1.08949507183473,0
-0.36705805028005,-1.08929941018791,0
-0.36668026827873,-1.08910345147425,0
-0.366302640453791,-1.08890719581488,0
-0.365925167038658,-1.08871064333109,0
-0.365547848266735,-1.08851379414443,0
-0.365170684371058,-1.08831664837648,0
-0.364793675584893,-1.08811920614915,0
-0.364416822141129,-1.08792146758443,0
-0.364040124272908,-1.08772343280464,0
-0.363663582212862,-1.08752510193207,0
-0.363287196193786,-1.08732647508935,0
-0.362910966448364,-1.08712755239926,0
-0.362534893209093,-1.08692833398474,0
-0.362158976708374,-1.08672881996889,0
-0.361783217178647,-1.08652901047508,0
-0.361407614852165,-1.08632890562682,0
-0.36103216996102,-1.08612850554774,0
-0.360656882737269,-1.08592781036171,0
-0.360281753412909,-1.08572682019281,0
-0.359906782219745,-1.08552553516522,0
-0.359531969389734,-1.08532395540347,0
-0.359157315154194,-1.08512208103195,0
-0.358782819744998,-1.08491991217562,0
-0.358408483393511,-1.08471744895936,0
-0.358034306331147,-1.08451469150835,0
-0.35766028878905,-1.08431163994783,0
-0.357286430998514,-1.08410829440337,0
-0.356912733190558,-1.08390465500063,0
-0.356539195596254,-1.08370072186552,0
-0.356165818446345,-1.08349649512402,0
-0.355792601971765,-1.08329197490244,0
-0.355419546402939,-1.08308716132706,0
-0.355046651970806,-1.08288205452466,0
-0.354673918905566,-1.08267665462186,0
-0.354301347437657,-1.08247096174565,0
-0.353928937797446,-1.08226497602321,0
-0.353556690215006,-1.0820586975818,0
-0.353184604920534,-1.08185212654898,0
-0.352812682143943,-1.0816452630524,0
-0.352440922115057,-1.08143810721987,0
-0.352069325063733,-1.08123065917949,0
-0.351697891219687,-1.08102291905949,0
-0.351326620812422,-1.08081488698823,0
-0.350955514071439,-1.08060656309432,0
-0.350584571226048,-1.08039794750646,0
-0.350213792505694,-1.08018904035371,0
-0.349843178139344,-1.07997984176507,0
-0.349472728356258,-1.07977035186995,0
-0.349102443385191,-1.07956057079771,0
-0.348732323455281,-1.07935049867816,0
-0.348362368795093,-1.07914013564103,0
-0.347992579633306,-1.07892948181636,0
-0.347622956198563,-1.0787185373344,0
-0.347253498719267,-1.07850730232548,0
-0.346884207423826,-1.07829577692021,0
-0.346515082540412,-1.07808396124928,0
-0.346146124297265,-1.07787185544366,0
-0.345777332922306,-1.07765945963437,0
-0.34540870864368,-1.07744677395282,0
-0.345040251689008,-1.07723379853032,0
-0.344671962286178,-1.07702053349861,0
-0.344303840662782,-1.07680697898948,0
-0.34393588704634,-1.07659313513491,0
-0.34356810166432,-1.0763790020671,0
-0.343200484743883,-1.07616457991832,0
-0.342833036512539,-1.07594986882126,0
-0.342465757197171,-1.07573486890849,0
-0.342098647024792,-1.07551958031291,0
-0.341731706222518,-1.07530400316771,0
-0.341364935016876,-1.07508813760597,0
-0.340998333634694,-1.07487198376119,0
-0.340631902302674,-1.07465554176704,0
-0.340265641247079,-1.07443881175717,0
-0.339899550694405,-1.07422179386561,0
-0.339533630870962,-1.0740044882265,0
-0.339167882002912,-1.07378689497416,0
-0.338802304316169,-1.07356901424299,0
-0.338436898036885,-1.07335084616778,0
-0.338071663390869,-1.07313239088334,0
-0.337706600603769,-1.07291364852465,0
-0.337341709901283,-1.07269461922693,0
-0.336976991509023,-1.07247530312561,0
-0.336612445652323,-1.0722557003562,0
-0.33624807255644,-1.07203581105438,0
-0.335883872446779,-1.07181563535619,0
-0.335519845548288,-1.07159517339761,0
-0.335155992086033,-1.07137442531496,0
-0.334792312284903,-1.07115339124466,0
-0.334428806369669,-1.07093207132333,0
-0.334065474565007,-1.07071046568776,0
-0.333702317095489,-1.07048857447493,0
-0.333339334185607,-1.07026639782199,0
-0.332976526059674,-1.07004393586626,0
-0.332613892941967,-1.06982118874524,0
-0.332251435056574,-1.06959815659658,0
-0.331889152627553,-1.06937483955816,0
-0.331527045878979,-1.0691512377681,0
-0.331165115034291,-1.06892735136437,0
-0.330803360317662,-1.06870318048564,0
-0.330441781952236,-1.06847872527019,0
-0.33008038016186,-1.06825398585698,0
-0.329719155169665,-1.06802896238476,0
-0.329358107199095,-1.06780365499272,0
-0.328997236473197,-1.06757806382006,0
-0.328636543215046,-1.06735218900623,0
-0.32827602764759,-1.06712603069083,0
-0.32791568999371,-1.06689958901369,0
-0.327555530475962,-1.06667286411467,0
-0.3271955493172,-1.06644585613405,0
-0.326835746739731,-1.06621856521203,0
-0.326476122965978,-1.06599099148911,0
-0.326116678218246,-1.06576313510596,0
-0.325757412718771,-1.06553499620348,0
-0.325398326689455,-1.06530657492256,0
-0.325039420352349,-1.06507787140445,0
-0.324680693929286,-1.06484888579052,0
-0.324322147642025,-1.06461961822233,0
-0.323963781712037,-1.06439006884148,0
-0.32360559636092,-1.06416023778992,0
-0.32324759181011,-1.06393012520974,0
-0.322889768280817,-1.06369973124311,0
-0.32253212599416,-1.06346905603243,0
-0.322174665171327,-1.06323809972034,0
-0.321817386033099,-1.0630068624495,0
-0.321460288800463,-1.06277534436292,0
-0.321103373694036,-1.06254354560366,0
-0.320746640934466,-1.062311466315,0
-0.320390090742181,-1.06207910664035,0
-0.320033723337667,-1.0618464667234,0
-0.319677538941073,-1.06161354670786,0
-0.319321537772644,-1.06138034673776,0
-0.318965720052332,-1.06114686695718,0
-0.318610086000201,-1.06091310751051,0
-0.3182546358359,-1.06067906854215,0
-0.317899369779279,-1.06044475019683,0
-0.317544288049733,-1.06021015261927,0
-0.317189390866898,-1.05997527595457,0
-0.316834678450178,-1.05974012034795,0
-0.316480151018529,-1.05950468594455,0
-0.316125808791427,-1.05926897289013,0
-0.31577165198766,-1.05903298133022,0
-0.31541768082619,-1.05879671141074,0
-0.315063895525825,-1.05856016327773,0
-0.314710296305259,-1.05832333707741,0
-0.314356883382896,-1.05808623295607,0
-0.314003656977362,-1.05784885106038,0
-0.313650617306843,-1.05761119153697,0
-0.313297764589698,-1.05737325453283,0
-0.31294509904387,-1.05713504019493,0
-0.312592620887375,-1.05689654867053,0
-0.312240330338149,-1.05665778010709,0
-0.311888227613803,-1.05641873465209,0
-0.311536312932141,-1.05617941245342,0
-0.311184586510543,-1.05593981365889,0
-0.310833048566444,-1.05569993841663,0
-0.310481699317079,-1.05545978687486,0
-0.310130538979762,-1.05521935918214,0
-0.309779567771337,-1.05497865548691,0
-0.309428785908922,-1.05473767593808,0
-0.309078193609174,-1.05449642068451,0
-0.30872779108892,-1.05425488987538,0
-0.308377578564647,-1.05401308365992,0
-0.308027556252823,-1.0537710021876,0
-0.30767772436986,-1.0535286456081,0
-0.307328083131933,-1.05328601407116,0
-0.306978632755124,-1.05304310772674,0
-0.306629373455433,-1.05279992672499,0
-0.306280305448841,-1.05255647121628,0
-0.305931428950969,-1.052312741351,0
-0.305582744177514,-1.05206873727984,0
-0.30523425134396,-1.0518244591536,0
-0.304885950665732,-1.05157990712326,0
-0.30453784235809,-1.05133508133999,0
-0.304189926636239,-1.05108998195512,0
-0.3038422037152,-1.05084460912014,0
-0.303494673809822,-1.05059896298665,0
-0.303147337135001,-1.05035304370656,0
-0.302800193905407,-1.05010685143185,0
-0.302453244335604,-1.04986038631469,0
-0.302106488639954,-1.04961364850736,0
-0.30175992703288,-1.04936663816243,0
-0.301413559728592,-1.04911935543258,0
-0.30106738694112,-1.04887180047062,0
-0.300721408884411,-1.04862397342953,0
-0.300375625772389,-1.04837587446256,0
-0.300030037818667,-1.04812750372298,0
-0.29968464523702,-1.04787886136441,0
-0.299339448240746,-1.04762994754042,0
-0.298994447043294,-1.04738076240491,0
-0.298649641857927,-1.04713130611192,0
-0.298305032897695,-1.04688157881558,0
-0.297960620375671,-1.0466315806703,0
-0.297616404504666,-1.04638131183056,0
-0.297272385497405,-1.04613077245102,0
-0.296928563566731,-1.04587996268668,0
-0.296584938924868,-1.04562888269237,0
-0.296241511784405,-1.04537753262341,0
-0.295898282357532,-1.0451259126351,0
-0.295555250856382,-1.04487402288296,0
-0.295212417493084,-1.04462186352275,0
-0.294869782479313,-1.04436943471017,0
-0.294527346027125,-1.04411673660144,0
-0.29418510834804,-1.04386376935266,0
-0.293843069653478,-1.04361053312008,0
-0.293501230155052,-1.0433570280604,0
-0.293159590063962,-1.04310325433022,0
-0.292818149591339,-1.04284921208639,0
-0.292476908948221,-1.04259490148592,0
-0.292135868345596,-1.04234032268605,0
-0.291795027994214,-1.04208547584409,0
-0.291454388104789,-1.04183036111761,0
-0.291113948887703,-1.04157497866416,0
-0.29077371055357,-1.04131932864173,0
-0.290433673312618,-1.04106341120829,0
-0.290093837375005,-1.04080722652201,0
-0.289754202950763,-1.04055077474121,0
-0.289414770249869,-1.04029405602445,0
-0.289075539482022,-1.04003707053033,0
-0.288736510857042,-1.03977981841779,0
-0.28839768458438,-1.03952229984577,0
-0.288059060873453,-1.03926451497343,0
-0.287720639933616,-1.03900646396014,0
-0.287382421974004,-1.03874814696538,0
-0.287044407203699,-1.03848956414883,0
-0.286706595831497,-1.03823071567022,0
-0.28636898806641,-1.03797160168971,0
-0.286031584116924,-1.03771222236731,0
-0.285694384191686,-1.03745257786342,0
-0.285357388499104,-1.03719266833852,0
-0.28502059724737,-1.03693249395316,0
-0.284684010644825,-1.0366720548683,0
-0.284347628899286,-1.03641135124474,0
-0.28401145221894,-1.03615038324383,0
-0.283675480811276,-1.03588915102664,0
-0.283339714884198,-1.03562765475482,0
-0.283004154645109,-1.0353658945899,0
-0.28266880030147,-1.03510387069372,0
-0.282333652060488,-1.03484158322816,0
-0.281998710129428,-1.03457903235544,0
-0.281663974715169,-1.03431621823773,0
-0.281329446024713,-1.03405314103755,0
-0.280995124264855,-1.03378980091752,0
-0.280661009642056,-1.03352619804027,0
-0.280327102363026,-1.03326233256889,0
-0.279993402634083,-1.03299820466641,0
-0.279659910661467,-1.03273381449609,0
-0.279326626651226,-1.03246916222126,0
-0.278993550809475,-1.03220424800561,0
-0.278660683342163,-1.03193907201293,0
-0.278328024454725,-1.03167363440689,0
-0.277995574353103,-1.03140793535181,0
-0.277663333242572,-1.03114197501175,0
-0.277331301328573,-1.03087575355116,0
-0.276999478816339,-1.03060927113461,0
-0.276667865910848,-1.03034252792669,0
-0.276336462817268,-1.03007552409246,0
-0.276005269740242,-1.02980825979678,0
-0.275674286884567,-1.02954073520493,0
-0.275343514454846,-1.02927295048227,0
-0.275012952655433,-1.02900490579424,0
-0.274682601690683,-1.02873660130656,0
-0.27435246176484,-1.0284680371851,0
-0.274022533081875,-1.0281992135958,0
-0.273692815845791,-1.02793013070487,0
-0.273363310260307,-1.02766078867857,0
-0.273034016529094,-1.02739118768338,0
-0.272704934855796,-1.02712132788603,0
-0.272376065443623,-1.02685120945315,0
-0.27204740849599,-1.02658083255184,0
-0.271718964215989,-1.02631019734916,0
-0.271390732806696,-1.02603930401245,0
-0.271062714470797,-1.02576815270898,0
-0.270734909411243,-1.02549674360652,0
-0.270407317830524,-1.02522507687273,0
-0.270079939931191,-1.02495315267558,0
-0.269752775915484,-1.02468097118306,0
-0.269425825985798,-1.02440853256353,0
-0.269099090344049,-1.02413583698526,0
-0.268772569192227,-1.02386288461682,0
-0.268446262732238,-1.023589675627,0
-0.268120171165635,-1.02331621018455,0
-0.267794294694053,-1.02304248845857,0
-0.267468633518958,-1.02276851061828,0
-0.267143187841476,-1.02249427683289,0
-0.266817957862904,-1.02221978727201,0
-0.266492943784262,-1.02194504210531,0
-0.266168145806321,-1.0216700415025,0
-0.265843564129927,-1.02139478563364,0
-0.265519198955666,-1.02111927466883,0
-0.26519505048407,-1.0208435087784,0
-0.264871118915386,-1.02056748813271,0
-0.264547404449984,-1.02029121290249,0
-0.264223907287785,-1.02001468325836,0
-0.263900627628931,-1.01973789937141,0
-0.263577565672949,-1.01946086141247,0
-0.263254721619858,-1.01918356955306,0
-0.262932095668939,-1.01890602396435,0
-0.26260968801972,-1.01862822481798,0
-0.262287498871451,-1.01835017228563,0
-0.261965528423332,-1.01807186653923,0
-0.261643776874261,-1.01779330775068,0
-0.261322244423141,-1.0175144960922,0
-0.261000931268775,-1.01723543173617,0
-0.260679837609713,-1.01695611485503,0
-0.260358963644389,-1.01667654562141,0
-0.260038309571189,-1.01639672420814,0
-0.259717875588316,-1.0161166507882,0
-0.259397661893678,-1.01583632553456,0
-0.259077668685373,-1.01555574862064,0
-0.25875789616115,-1.01527492021984,0
-0.258438344518536,-1.01499384050563,0
-0.258119013955191,-1.01471250965186,0
-0.257799904668418,-1.01443092783237,0
-0.257481016855416,-1.01414909522116,0
-0.257162350713381,-1.01386701199251,0
-0.256843906439194,-1.01358467832071,0
-0.256525684229684,-1.01330209438026,0
-0.256207684281627,-1.01301926034589,0
-0.255889906791482,-1.01273617639235,0
-0.255572351955672,-1.01245284269462,0
-0.255255019970572,-1.01216925942789,0
-0.25493791103213,-1.01188542676729,0
-0.254621025336598,-1.01160134488848,0
-0.254304363079562,-1.01131701396678,0
-0.253987924456946,-1.01103243417812,0
-0.25367170966433,-1.0107476056984,0
-0.253355718897017,-1.01046252870352,0
-0.253039952350485,-1.01017720336984,0
-0.252724410219752,-1.00989162987358,0
-0.252409092699983,-1.00960580839138,0
-0.252093999985966,-1.00931973909978,0
-0.251779132272542,-1.0090334221757,0
-0.2514644897543,-1.00874685779607,0
-0.251150072625625,-1.00846004613793,0
-0.250835881080991,-1.00817298737868,0
-0.250521915314551,-1.00788568169572,0
-0.250208175520305,-1.00759812926655,0
-0.249894661892216,-1.00731033026897,0
-0.249581374624119,-1.0070222848809,0
-0.249268313909528,-1.00673399328026,0
-0.248955479942006,-1.00644545564532,0
-0.248642872914953,-1.00615667215443,0
-0.248330493021528,-1.00586764298605,0
-0.248018340454825,-1.00557836831884,0
-0.247706415407787,-1.00528884833158,0
-0.247394718073192,-1.00499908320323,0
-0.247083248643738,-1.00470907311291,0
-0.246772007311893,-1.00441881823984,0
-0.246460994270054,-1.00412831876343,0
-0.246150209710404,-1.00383757486319,0
-0.245839653825185,-1.00354658671898,0
-0.245529326806137,-1.00325535451044,0
-0.24521922884523,-1.00296387841775,0
-0.244909360134031,-1.00267215862095,0
-0.244599720864184,-1.00238019530046,0
-0.244290311226957,-1.00208798863665,0
-0.243981131413603,-1.00179553881013,0
-0.243672181615276,-1.0015028460017,0
-0.243363462022904,-1.00120991039225,0
-0.243054972827294,-1.00091673216283,0
-0.2427467142192,-1.00062331149473,0
-0.242438686389,-1.00032964856917,0
-0.242130889527206,-1.00003574356776,0
-0.241823323823993,-0.999741596672103,0
-0.241515989469553,-0.999447208064091,0
-0.241208886653751,-0.999152577925591,0
-0.240902015566403,-0.998857706438711,0
-0.24059537639724,-0.998562593785762,0
-0.240288969335792,-0.99826724014915,0
-0.239982794571403,-0.997971645711388,0
-0.239676852293328,-0.997675810655192,0
-0.23937114269065,-0.997379735163397,0
-0.239065665952363,-0.997083419419042,0
-0.238760422267234,-0.996786863605233,0
-0.23845541182398,-0.996490067905316,0
-0.238150634811123,-0.996193032502734,0
-0.23784609141695,-0.995895757580994,0
-0.237541781829816,-0.995598243323953,0
-0.237237706237722,-0.995300489915416,0
-0.236933864828648,-0.995002497539453,0
-0.236630257790442,-0.994704266380296,0
-0.23632688531063,-0.994405796622151,0
-0.236023747576811,-0.994107088449586,0
-0.235720844776424,-0.993808142047299,0
-0.235418177096517,-0.993508957599898,0
-0.235115744724253,-0.993209535292389,0
-0.234813547846649,-0.992909875309929,0
-0.234511586650289,-0.992609977837536,0
-0.23420986132202,-0.99230984306078,0
-0.234139818433582,-0.992240059764952,0
-0.233974983023735,-0.992079699699402,0
-0.233694185942259,-0.991806526365873,0
-0.233413388860762,-0.991533353032322,0
-0.233132591779243,-0.99126017969875,0
-0.232851794697757,-0.99098700636521,0
-0.232570997616248,-0.990713833031649,0
-0.232290200534773,-0.990440659698119,0
-0.232009403453254,-0.990167486364547,0
-0.231728606371768,-0.989894313031007,0
-0.231447809290281,-0.989621139697467,0
-0.231167012208762,-0.989347966363895,0
-0.230886215127287,-0.989074793030365,0
-0.230605418045768,-0.988801619696793,0
-0.230324620964282,-0.988528446363253,0
-0.230043823882795,-0.988255273029713,0
-0.229763026801276,-0.987982099696141,0
-0.229482229719801,-0.987708926362612,0
-0.229201432638282,-0.98743575302904,0
-0.228920635556796,-0.9871625796955,0
-0.228639838475287,-0.986889406361938,0
-0.228359041393812,-0.986616233028409,0
-0.228078244312314,-0.986343059694858,0
-0.227797447230785,-0.986069886361275,0
-0.22751665014932,-0.985796713027756,0
-0.227235853067801,-0.985523539694184,0
-0.226955055986325,-0.985250366360655,0
-0.226674258904828,-0.984977193027104,0
-0.226393461823299,-0.984704019693522,0
-0.226112664741834,-0.984430846360002,0
-0.225831867660315,-0.984157673026431,0
-0.225551070578839,-0.983884499692901,0
-0.22527027349732,-0.983611326359329,0
-0.224989476415834,-0.983338153025789,0
-0.224708679334348,-0.983064979692249,0
-0.224427882252828,-0.982791806358677,0
-0.224147085171353,-0.982518633025147,0
-0.223866288089823,-0.982245459691565,0
-0.223585491008359,-0.981972286358046,0
-0.223304693926861,-0.981699113024495,0
-0.223023896845342,-0.981425939690923,0
-0.222743099763867,-0.981152766357394,0
-0.222462302682337,-0.980879593023811,0
-0.222181505600872,-0.980606419690292,0
-0.221900708519353,-0.98033324635672,0
-0.221619911437878,-0.980060073023191,0
-0.221339114356381,-0.97978689968964,0
-0.221058317274851,-0.979513726356057,0
-0.220777520193386,-0.979240553022538,0
-0.220496723111867,-0.978967379688966,0
-0.220215926030392,-0.978694206355437,0
-0.219935128948884,-0.978421033021876,0
-0.219654331867375,-0.978147859688314,0
-0.2193735347859,-0.977874686354784,0
-0.219092737704381,-0.977601513021213,0
-0.218811940622905,-0.977328339687683,0
-0.218531143541376,-0.977055166354101,0
-0.218250346459911,-0.976781993020581,0
-0.217969549378414,-0.976508819687031,0
-0.217688752296895,-0.976235646353459,0
-0.217407955215419,-0.975962473019929,0
-0.21712715813389,-0.975689299686347,0
-0.216846361052425,-0.975416126352828,0
-0.216565563970928,-0.975142953019277,0
-0.216284766889408,-0.974869779685705,0
-0.216003969807933,-0.974596606352176,0
-0.215723172726403,-0.974323433018593,0
-0.215442375644939,-0.974050259685074,0
-0.215161578563441,-0.973777086351523,0
-0.214880781481922,-0.973503913017951,0
-0.214599984400436,-0.973230739684412,0
-0.214319187318928,-0.97295756635085,0
-0.214038390237452,-0.97268439301732,0
-0.213757593155933,-0.972411219683748,0
-0.213476796074458,-0.972138046350219,0
-0.21319599899295,-0.971864873016658,0
-0.212915201911442,-0.971591699683096,0
-0.212634404829966,-0.971318526349567,0
-0.212353607748447,-0.971045353015995,0
-0.212072810666961,-0.970772179682455,0
-0.211792013585475,-0.970499006348914,0
-0.211511216503955,-0.970225833015342,0
-0.21123041942248,-0.969952659681813,0
-0.210949622340961,-0.969679486348241,0
-0.210668825259475,-0.969406313014701,0
-0.210388028177966,-0.969133139681139,0
-0.210107231096491,-0.96885996634761,0
-0.209826434014994,-0.968586793014059,0
-0.209545636933475,-0.968313619680487,0
-0.209264839851989,-0.968040446346947,0
-0.20898404277048,-0.967767273013386,0
-0.208703245689005,-0.967494099679856,0
-0.208422448607508,-0.967220926346305,0
-0.208141651525988,-0.966947753012733,0
-0.207860854444502,-0.966674579679194,0
-0.207580057362994,-0.966401406345632,0
-0.207299260281519,-0.966128233012102,0
-0.2070184632,-0.96585505967853,0
-0.206737666118524,-0.965581886345001,0
-0.206456869037016,-0.96530871301144,0
-0.206176071955508,-0.965035539677878,0
-0.205895274874032,-0.964762366344349,0
-0.205614477792513,-0.964489193010777,0
-0.205333680711027,-0.964216019677237,0
-0.205052883629541,-0.963942846343696,0
-0.204772086548022,-0.963669673010124,0
-0.204491289466546,-0.963396499676595,0
-0.204210492385027,-0.963123326343023,0
-0.203929695303541,-0.962850153009483,0
-0.203648898222033,-0.962576979675921,0
-0.203368101140557,-0.962303806342392,0
-0.20308730405906,-0.962030633008841,0
-0.20280650697753,-0.961757459675259,0
-0.202525709896066,-0.96148428634174,0
-0.202244912814546,-0.961211113008168,0
-0.201964115733071,-0.960937939674638,0
-0.201683318651574,-0.960664766341087,0
-0.201402521570044,-0.960391593007505,0
-0.201121724488579,-0.960118419673986,0
-0.20084092740706,-0.959845246340414,0
-0.200560130325585,-0.959572073006884,0
-0.200279333244066,-0.959298899673312,0
-0.19999853616258,-0.959025726339773,0
-0.199717739081093,-0.958752553006232,0
-0.199436941999574,-0.95847937967266,0
-0.199156144918099,-0.958206206339131,0
-0.19887534783658,-0.957933033005559,0
-0.198594550755094,-0.957659859672019,0
-0.198313753673607,-0.957386686338478,0
-0.198032956592088,-0.957113513004906,0
-0.197752159510612,-0.956840339671377,0
-0.197471362429093,-0.956567166337805,0
-0.197190565347607,-0.956293993004265,0
-0.196909768266121,-0.956020819670725,0
-0.196628971184602,-0.955747646337153,0
-0.196348174103126,-0.955474473003623,0
-0.196067377021596,-0.955201299670041,0
-0.195786579940132,-0.954928126336522,0
-0.195505782858613,-0.95465495300295,0
-0.195224985777137,-0.95438177966942,0
-0.194944188695629,-0.954108606335859,0
-0.194663391614121,-0.953835433002297,0
-0.194382594532646,-0.953562259668768,0
-0.194101797451126,-0.953289086335196,0
-0.193821000369651,-0.953015913001666,0
-0.193540203288121,-0.952742739668084,0
-0.193259406206657,-0.952469566334565,0
-0.192978609125159,-0.952196393001014,0
-0.19269781204364,-0.951923219667442,0
-0.192417014962165,-0.951650046333913,0
-0.192136217880635,-0.95137687300033,0
-0.19185542079917,-0.951103699666811,0
-0.191574623717673,-0.95083052633326,0
-0.191293826636154,-0.950557352999688,0
-0.191013029554679,-0.950284179666159,0
-0.190732232473149,-0.950011006332577,0
-0.190451435391684,-0.949737832999057,0
-0.190170638310187,-0.949464659665507,0
-0.189889841228668,-0.949191486331935,0
-0.189609044147182,-0.948918312998395,0
-0.189328247065673,-0.948645139664833,0
-0.189047449984198,-0.948371966331304,0
-0.188766652902679,-0.948098792997732,0
-0.188485855821203,-0.947825619664202,0
-0.188205058739696,-0.947552446330641,0
-0.187924261658187,-0.947279272997079,0
-0.187643464576712,-0.94700609966355,0
-0.187362667495193,-0.946732926329978,0
-0.187081870413717,-0.946459752996448,0
-0.186801073332209,-0.946186579662887,0
-0.186520276250701,-0.945913406329326,0
-0.186239479169226,-0.945640232995796,0
-0.185958682087706,-0.945367059662224,0
-0.18567788500622,-0.945093886328684,0
-0.185397087924712,-0.944820712995123,0
-0.185116290843237,-0.944547539661593,0
-0.184835493761739,-0.944274366328042,0
-0.18455469668022,-0.94400119299447,0
-0.184273899598734,-0.943728019660931,0
-0.183993102517226,-0.943454846327369,0
-0.18371230543575,-0.943181672993839,0
-0.183431508354253,-0.942908499660289,0
-0.183150711272734,-0.942635326326717,0
-0.182869914191248,-0.942362152993177,0
-0.18258911710974,-0.942088979659615,0
-0.182308320028264,-0.941815806326086,0
-0.182027522946745,-0.941542632992514,0
-0.18174672586527,-0.941269459658984,0
-0.181465928783762,-0.940996286325423,0
-0.181185131702253,-0.940723112991862,0
-0.180904334620778,-0.940449939658332,0
-0.180623537539259,-0.94017676632476,0
-0.180342740457783,-0.93990359299123,0
-0.180061943376276,-0.939630419657669,0
-0.179781146294767,-0.939357246324108,0
-0.179500349213292,-0.939084072990578,0
-0.179219552131762,-0.938810899656996,0
-0.178938755050297,-0.938537726323477,0
-0.1786579579688,-0.938264552989926,0
-0.178377160887281,-0.937991379656354,0
-0.178096363805806,-0.937718206322824,0
-0.177815566724276,-0.937445032989242,0
-0.177534769642811,-0.937171859655723,0
-0.177253972561292,-0.936898686322151,0
-0.176973175479817,-0.936625512988621,0
-0.176692378398319,-0.936352339655071,0
-0.17641158131679,-0.936079166321488,0
-0.176130784235325,-0.935805992987969,0
-0.175849987153806,-0.935532819654397,0
-0.17556919007233,-0.935259646320868,0
-0.175288392990811,-0.934986472987296,0
-0.175007595909325,-0.934713299653756,0
-0.174726798827839,-0.934440126320216,0
-0.17444600174632,-0.934166952986644,0
-0.174165204664844,-0.933893779653114,0
-0.173884407583325,-0.933620606319542,0
-0.173603610501839,-0.933347432986002,0
-0.173322813420352,-0.933074259652462,0
-0.173042016338833,-0.93280108631889,0
-0.172761219257358,-0.93252791298536,0
-0.172480422175839,-0.932254739651788,0
-0.172199625094353,-0.931981566318248,0
-0.171918828012866,-0.931708392984708,0
-0.171638030931347,-0.931435219651136,0
-0.171357233849872,-0.931162046317606,0
-0.171076436768342,-0.930888872984024,0
-0.170795639686877,-0.930615699650505,0
-0.170514842605358,-0.930342526316933,0
-0.170234045523883,-0.930069352983403,0
-0.169953248442375,-0.929796179649843,0
-0.169672451360867,-0.929523006316281,0
-0.169391654279391,-0.929249832982751,0
-0.169110857197872,-0.928976659649179,0
-0.168830060116397,-0.92870348631565,0
-0.168549263034889,-0.928430312982089,0
-0.16826846595338,-0.928157139648527,0
-0.167987668871905,-0.927883966314998,0
-0.167706871790386,-0.927610792981426,0
-0.16742607470891,-0.927337619647896,0
-0.167145277627403,-0.927064446314335,0
-0.166864480545894,-0.926791272980773,0
-0.166583683464419,-0.926518099647244,0
-0.1663028863829,-0.926244926313672,0
-0.166022089301424,-0.925971752980142,0
-0.165741292219894,-0.92569857964656,0
-0.16546049513843,-0.925425406313041,0
-0.165179698056933,-0.92515223297949,0
-0.164898900975413,-0.924879059645918,0
-0.164618103893938,-0.924605886312388,0
-0.164337306812408,-0.924332712978806,0
-0.164056509730944,-0.924059539645287,0
-0.163775712649424,-0.923786366311715,0
-0.163494915567949,-0.923513192978185,0
-0.163214118486452,-0.923240019644635,0
-0.162933321404922,-0.922966846311053,0
-0.162652524323457,-0.922693672977533,0
-0.162371727241938,-0.922420499643961,0
-0.162090930160452,-0.922147326310422,0
-0.161810133078944,-0.92187415297686,0
-0.161529335997468,-0.92160097964333,0
-0.161248538915971,-0.92132780630978,0
-0.160967741834452,-0.921054632976208,0
-0.160686944752966,-0.920781459642668,0
-0.160406147671479,-0.920508286309127,0
-0.16012535058996,-0.920235112975555,0
-0.159844553508485,-0.919961939642026,0
-0.159563756426966,-0.919688766308454,0
-0.15928295934548,-0.919415592974914,0
-0.159002162263971,-0.919142419641352,0
-0.158721365182496,-0.918869246307823,0
-0.158440568100999,-0.918596072974272,0
-0.15815977101948,-0.9183228996407,0
-0.157878973937994,-0.91804972630716,0
-0.157598176856485,-0.917776552973599,0
-0.15731737977501,-0.917503379640069,0
-0.157036582693491,-0.917230206306497,0
-0.156755785612015,-0.916957032972967,0
-0.156474988530507,-0.916683859639407,0
-0.156194191448999,-0.916410686305845,0
-0.155913394367524,-0.916137512972315,0
-0.155632597286004,-0.915864339638743,0
-0.155351800204518,-0.915591166305204,0
-0.155071003123032,-0.915317992971663,0
-0.154790206041513,-0.915044819638091,0
-0.154509408960037,-0.914771646304562,0
-0.154228611878518,-0.91449847297099,0
-0.153947814797043,-0.91422529963746,0
-0.153667017715535,-0.913952126303899,0
-0.153386220634027,-0.913678952970337,0
-0.153105423552551,-0.913405779636808,0
-0.152824626471021,-0.913132606303226,0
-0.152543829389557,-0.912859432969706,0
-0.152263032308038,-0.912586259636134,0
-0.151982235226562,-0.912313086302605,0
-0.151701438145065,-0.912039912969054,0
-0.151420641063535,-0.911766739635472,0
-0.15113984398207,-0.911493566301953,0
-0.150859046900551,-0.911220392968381,0
-0.150578249819076,-0.910947219634851,0
-0.150297452737557,-0.910674046301279,0
-0.150016655656071,-0.910400872967739,0
-0.149735858574584,-0.910127699634199,0
-0.149455061493065,-0.909854526300627,0
-0.14917426441159,-0.909581352967097,0
-0.148893467330093,-0.909308179633547,0
-0.148612670248563,-0.909035006299964,0
-0.148331873167098,-0.908761832966445,0
-0.148051076085579,-0.908488659632873,0
-0.147770279004093,-0.908215486299333,0
-0.147489481922595,-0.907942312965782,0
-0.147208684841098,-0.907669139632232,0
-0.146927887759612,-0.907395966298691,0
-0.146647090678093,-0.907122792965119,0
-0.146366293596617,-0.90684961963159,0
-0.146085496515098,-0.906576446298018,0
-0.145804699433612,-0.906303272964478,0
-0.145523902352104,-0.906030099630916,0
-0.145243105270628,-0.905756926297387,0
-0.144962308189126,-0.905483752963831,0
-0.144681511107612,-0.905210579630264,0
-0.144400714026131,-0.904937406296729,0
-0.144119916944618,-0.904664232963163,0
-0.143839119863137,-0.904391059629628,0
-0.143558322781645,-0.904117886296082,0
-0.143277525700121,-0.903844712962505,0
-0.14299672861865,-0.903571539628981,0
-0.142715931537131,-0.903298366295409,0
-0.142435134455656,-0.903025192961879,0
-0.142154337374148,-0.902752019628318,0
-0.14187354029264,-0.902478846294757,0
-0.141592743211164,-0.902205672961227,0
-0.141311946129645,-0.901932499627655,0
-0.141031149048164,-0.90165932629412,0
-0.140750351966651,-0.901386152960554,0
-0.14046955488517,-0.901112979627019,0
-0.140188757803678,-0.900839806293473,0
-0.139907960722159,-0.900566632959901,0
-0.139627163640678,-0.900293459626367,0
-0.139346366559159,-0.900020286292795,0
-0.139065569477689,-0.89974711295927,0
-0.13878477239617,-0.899473939625698,0
-0.138503975314689,-0.899200766292164,0
-0.138223178233192,-0.898927592958613,0
-0.137942381151678,-0.898654419625046,0
-0.137661584070203,-0.898381246291517,0
-0.137380786988706,-0.898108072957966,0
-0.137099989907187,-0.897834899624394,0
-0.136819192825706,-0.897561726290859,0
-0.136538395744187,-0.897288552957287,0
-0.136257598662717,-0.897015379623763,0
-0.135976801581198,-0.896742206290191,0
-0.135696004499717,-0.896469032956656,0
-0.13541520741822,-0.896195859623106,0
-0.135134410336706,-0.895922686289539,0
-0.13485361325523,-0.895649512956009,0
-0.134572816173706,-0.895376339622432,0
-0.134292019092236,-0.895103166288908,0
-0.134011222010712,-0.894829992955331,0
-0.133730424929242,-0.894556819621806,0
-0.133449627847744,-0.894283646288256,0
-0.133168830766225,-0.894010472954683,0
-0.132888033684739,-0.893737299621144,0
-0.132607236603231,-0.893464126287582,0
-0.132326439521755,-0.893190952954052,0
-0.132045642440258,-0.892917779620502,0
-0.131764845358734,-0.892644606286925,0
-0.131484048277264,-0.8923714329534,0
-0.131203251195739,-0.892098259619823,0
-0.130922454114269,-0.891825086286299,0
-0.130641657032767,-0.891551912952743,0
-0.130360859951253,-0.891278739619176,0
-0.130080062869772,-0.891005566285641,0
-0.129799265788258,-0.890732392952075,0
-0.129518468706783,-0.890459219618545,0
-0.129237671625264,-0.890186046284973,0
-0.128956874543778,-0.889912872951433,0
-0.128676077462291,-0.889639699617893,0
-0.128395280380772,-0.889366526284321,0
-0.128114483299297,-0.889093352950791,0
-0.127833686217772,-0.888820179617214,0
-0.127552889136302,-0.88854700628369,0
-0.127272092054778,-0.888273832950113,0
-0.126991294973308,-0.888000659616588,0
-0.12671049789181,-0.887727486283038,0
-0.126429700810286,-0.88745431294946,0
-0.126148903728811,-0.887181139615931,0
-0.125868106647297,-0.886907966282364,0
-0.125587309565822,-0.886634792948835,0
-0.125306512484297,-0.886361619615257,0
-0.125025715402822,-0.886088446281728,0
-0.12474491832133,-0.885815272948182,0
-0.124464121239811,-0.88554209961461,0
-0.124183324158335,-0.885268926281081,0
-0.123902527076838,-0.88499575294753,0
-0.123621729995314,-0.884722579613953,0
-0.123340932913838,-0.884449406280423,0
-0.123060135832325,-0.884176232946857,0
-0.122779338750849,-0.883903059613327,0
-0.122498541669325,-0.88362988627975,0
-0.122217744587849,-0.88335671294622,0
-0.121936947506357,-0.883083539612675,0
-0.121656150424838,-0.882810366279103,0
-0.121375353343358,-0.882537192945568,0
-0.121094556261844,-0.882264019612001,0
-0.120813759180363,-0.881990846278467,0
-0.120532962098849,-0.8817176729449,0
-0.120252165017374,-0.88144449961137,0
-0.119971367935877,-0.88117132627782,0
-0.119690570854347,-0.880898152944237,0
-0.119409773772882,-0.880624979610718,0
-0.119128976691363,-0.880351806277146,0
-0.118848179609888,-0.880078632943617,0
-0.118567382528385,-0.879805459610061,0
-0.118286585446871,-0.879532286276494,0
-0.118005788365391,-0.879259112942959,0
-0.117724991283877,-0.878985939609392,0
-0.117444194202396,-0.878712766275858,0
-0.117163397120904,-0.878439592942312,0
-0.11688260003938,-0.878166419608735,0
-0.11660180295791,-0.87789324627521,0
-0.116321005876391,-0.877620072941639,0
-0.116040208794915,-0.877346899608109,0
-0.115759411713386,-0.877073726274527,0
-0.115478614631921,-0.876800552941007,0
-0.115197817550424,-0.876527379607457,0
-0.114917020468905,-0.876254206273885,0
-0.114636223387424,-0.87598103294035,0
-0.11435542630591,-0.875707859606783,0
-0.114074629224429,-0.875434686273249,0
-0.113793832142916,-0.875161512939682,0
-0.11351303506144,-0.874888339606152,0
-0.113232237979938,-0.874615166272596,0
-0.112951440898419,-0.874341992939024,0
-0.112670643816948,-0.8740688196055,0
-0.112389846735451,-0.873795646271949,0
-0.112109049653927,-0.873522472938372,0
-0.111828252572451,-0.873249299604843,0
-0.111547455490938,-0.872976126271276,0
-0.111266658409462,-0.872702952937746,0
-0.110985861327943,-0.872429779604174,0
-0.110705064246468,-0.872156606270645,0
-0.110424267164965,-0.871883432937089,0
-0.110143470083446,-0.871610259603517,0
-0.109862673001976,-0.871337086269993,0
-0.109581875920457,-0.871063912936421,0
-0.109301078838976,-0.870790739602886,0
-0.109020281757457,-0.870517566269314,0
-0.108739484675987,-0.870244392935789,0
-0.10845868759449,-0.869971219602239,0
-0.108177890512965,-0.869698046268662,0
-0.107897093431495,-0.869424872935137,0
-0.107616296349976,-0.869151699601565,0
-0.107335499268496,-0.868878526268031,0
-0.107054702186998,-0.86860535293448,0
-0.106773905105485,-0.868332179600913,0
-0.106493108024009,-0.868059006267384,0
-0.106212310942485,-0.867785832933807,0
-0.105931513861015,-0.867512659600282,0
-0.105650716779512,-0.867239486266726,0
-0.105369919697998,-0.866966312933159,0
-0.105089122616523,-0.86669313959963,0
-0.104808325534999,-0.866419966266053,0
-0.104527528453528,-0.866146792932528,0
-0.104246731372004,-0.865873619598951,0
-0.103965934290534,-0.865600446265427,0
-0.103685137209031,-0.865327272931871,0
-0.103404340127518,-0.865054099598304,0
-0.103123543046042,-0.864780926264775,0
-0.102842745964518,-0.864507752931198,0
-0.102561948883048,-0.864234579597673,0
-0.102281151801523,-0.863961406264096,0
-0.102000354720053,-0.863688232930572,0
-0.101719557638556,-0.863415059597021,0
-0.101438760557032,-0.863141886263444,0
-0.101157963475562,-0.862868712929919,0
-0.100877166394059,-0.862595539596363,0
-0.100596369312545,-0.862322366262797,0
-0.100315572231043,-0.862049192929241,0
-0.100034775149567,-0.861776019595711,0
-0.0997539780680807,-0.861502846262171,0
-0.099473180986551,-0.861229672928589,0
-0.0991923839050809,-0.860956499595064,0
-0.0989115868235783,-0.860683326261508,0
-0.0986307897420646,-0.860410152927941,0
-0.0983499926605838,-0.860136979594407,0
-0.0980691955790648,-0.859863806260835,0
-0.0977883984976,-0.859590632927316,0
-0.0975076014160703,-0.859317459593733,0
-0.0972268043346002,-0.859044286260209,0
-0.0969460072530976,-0.858771112926653,0
-0.0966652101715839,-0.858497939593086,0
-0.0963844130901031,-0.858224766259551,0
-0.0961036160086059,-0.857951592926001,0
-0.0958228189270975,-0.857678419592439,0
-0.0955420218455896,-0.857405246258878,0
-0.0952612247641195,-0.857132072925354,0
-0.0949804276826169,-0.856858899591798,0
-0.0946996306011032,-0.856585726258231,0
-0.0944188335196225,-0.856312552924696,0
-0.0941380364381306,-0.856039379591151,0
-0.0938572393566115,-0.855766206257579,0
-0.0935764422751089,-0.855493032924023,0
-0.0932956451936389,-0.855219859590498,0
-0.0930148481121363,-0.854946686256942,0
-0.0927340510306225,-0.854673512923376,0
-0.0924532539491418,-0.854400339589841,0
-0.0921724568676499,-0.854127166256295,0
-0.0918916597861308,-0.853853992922723,0
-0.09161086270465,-0.853580819589189,0
-0.0913300656231363,-0.853307646255622,0
-0.0910492685416556,-0.853034472922087,0
-0.0907684714601418,-0.85276129958852,0
-0.0904876743786611,-0.852488126254986,0
-0.0902068772971692,-0.85221495292144,0
-0.0899260802156501,-0.851941779587868,0
-0.0896452831341694,-0.851668606254333,0
-0.0893644860526775,-0.851395432920788,0
-0.0890836889711531,-0.851122259587211,0
-0.0888028918896558,-0.85084908625366,0
-0.0885220948081858,-0.850575912920136,0
-0.0882412977266885,-0.850302739586585,0
-0.0879605006451694,-0.850029566253013,0
-0.0876797035636887,-0.849756392919478,0
-0.0873989064821968,-0.849483219585933,0
-0.0871181094006724,-0.849210046252356,0
-0.086837312319197,-0.848936872918826,0
-0.0865565152376886,-0.848663699585264,0
-0.0862757181562025,-0.848390526251725,0
-0.0859949210746887,-0.848117352918158,0
-0.085714123993208,-0.847844179584623,0
-0.0854333269117161,-0.847571006251078,0
-0.0851525298301917,-0.8472978329175,0
-0.0848717327487163,-0.847024659583971,0
-0.0845909356672297,-0.84675148625043,0
-0.0843101385857,-0.846478312916848,0
-0.084029341504208,-0.846205139583302,0
-0.0837485444227273,-0.845931966249768,0
-0.0834677473412354,-0.845658792916222,0
-0.083186950259711,-0.845385619582645,0
-0.0829061531782356,-0.845112446249116,0
-0.082625356096749,-0.844839272915575,0
-0.0823445590152193,-0.844566099581993,0
-0.0820637619337274,-0.844292926248447,0
-0.0817829648522466,-0.844019752914912,0
-0.0815021677707547,-0.843746579581367,0
-0.0812213706892303,-0.84347340624779,0
-0.0809405736077549,-0.84320023291426,0
-0.0806597765262683,-0.84292705958072,0
-0.0803789794447386,-0.842653886247138,0
-0.0800981823632685,-0.842380712913613,0
-0.0798173852817441,-0.842107539580036,0
-0.0795365882002741,-0.841834366246512,0
-0.0792557911187496,-0.841561192912935,0
-0.0789749940372796,-0.84128801957941,0
-0.0786941969557823,-0.84101484624586,0
-0.0784133998742579,-0.840741672912282,0
-0.0781326027927878,-0.840468499578758,0
-0.0778518057112852,-0.840195326245202,0
-0.0775710086297662,-0.83992215291163,0
-0.0772902115482743,-0.839648979578084,0
-0.0770094144667989,-0.839375806244555,0
-0.0767286173853016,-0.839102632911004,0
-0.0764478203037772,-0.838829459577427,0
-0.0761670232223072,-0.838556286243903,0
-0.0758862261408046,-0.838283112910347,0
-0.0756054290592855,-0.838009939576775,0
-0.0753246319778155,-0.83773676624325,0
-0.0750438348962963,-0.837463592909679,0
-0.074763037814821,-0.837190419576149,0
-0.0744822407332965,-0.836917246242572,0
-0.0742014436518265,-0.836644072909047,0
-0.0739206465703239,-0.836370899575492,0
-0.0736398494888048,-0.83609772624192,0
-0.0733590524073401,-0.8358245529084,0
-0.0730782553258103,-0.835551379574818,0
-0.0727974582443403,-0.835278206241294,0
-0.0725166611628158,-0.835005032907717,0
-0.0722358640813458,-0.834731859574192,0
-0.0719550669998432,-0.834458686240636,0
-0.0716742699183241,-0.834185512907064,0
-0.0713934728368594,-0.833912339573545,0
-0.0711126757553296,-0.833639166239963,0
-0.0708318786738596,-0.833365992906439,0
-0.0705510815923352,-0.833092819572861,0
-0.0702702845108651,-0.832819646239337,0
-0.0699894874293625,-0.832546472905781,0
-0.0697086903478435,-0.832273299572209,0
-0.0694278932663787,-0.83200012623869,0
-0.0691470961848708,-0.831726952905129,0
-0.068866299103357,-0.831453779571562,0
-0.0685855020218763,-0.831180606238027,0
-0.0683047049403626,-0.830907432904461,0
-0.0680239078588818,-0.830634259570926,0
-0.0677431107773628,-0.830361086237354,0
-0.067462313695898,-0.830087912903835,0
-0.0671815166143901,-0.829814739570274,0
-0.0669007195328764,-0.829541566236707,0
-0.0666199224513956,-0.829268392903172,0
-0.0663391253699037,-0.828995219569627,0
-0.0660583282883793,-0.82872204623605,0
-0.0657775312068874,-0.828448872902504,0
-0.065496734125412,-0.828175699568974,0
-0.0652159370439094,-0.827902526235418,0
-0.0649351399623957,-0.827629352901852,0
-0.0646543428809149,-0.827356179568317,0
-0.0643735457993959,-0.827083006234745,0
-0.0640927487179258,-0.826809832901221,0
-0.0638119516364286,-0.82653665956767,0
-0.0635311545549095,-0.826263486234098,0
-0.0632503574734287,-0.825990312900563,0
-0.062969560391915,-0.825717139566996,0
-0.0626887633104342,-0.825443966233462,0
-0.062407966228937,-0.825170792899911,0
-0.0621271691474233,-0.824897619566344,0
-0.061846372065926,-0.824624446232793,0
-0.0615655749844506,-0.824351272899264,0
-0.061284777902948,-0.824078099565708,0
-0.0610039808214343,-0.823804926232141,0
-0.0607231837399536,-0.823531752898606,0
-0.0604423866584563,-0.823258579565056,0
-0.0601615895769426,-0.822985406231489,0
-0.0598807924954672,-0.822712232897959,0
-0.0595999954139481,-0.822439059564387,0
-0.0593191983324673,-0.822165886230853,0
-0.0590384012509536,-0.821892712897286,0
-0.0587576041694729,-0.821619539563751,0
-0.0584768070879756,-0.8213463662302,0
-0.0581960100064672,-0.821073192896639,0
-0.0579152129249811,-0.820800019563099,0
-0.0576344158434893,-0.820526846229553,0
-0.0573536187619648,-0.820253672895976,0
-0.0570728216804948,-0.819980499562452,0
-0.0567920245989704,-0.819707326228875,0
-0.056511227517495,-0.819434152895345,0
-0.0562304304359866,-0.819160979561784,0
-0.0559496333545005,-0.818887806228244,0
-0.0556688362730086,-0.818614632894698,0
-0.0553880391914841,-0.818341459561121,0
-0.0551072421100141,-0.818068286227597,0
-0.0548264450284897,-0.81779511289402,0
-0.0545456479470143,-0.81752193956049,0
-0.0542648508655059,-0.817248766226928,0
-0.0539840537840198,-0.816975592893388,0
-0.0537032567025279,-0.816702419559843,0
-0.0534224596210035,-0.816429246226266,0
-0.0531416625395281,-0.816156072892736,0
-0.0528608654580143,-0.815882899559169,0
-0.0525800683765336,-0.815609726225635,0
-0.052299271295047,-0.815336552892094,0
-0.0520184742135173,-0.815063379558512,0
-0.0517376771320472,-0.814790206224988,0
-0.0514568800505228,-0.814517032891411,0
-0.0511760829690474,-0.814243859557881,0
-0.0508952858875555,-0.813970686224335,0
-0.0506144888060364,-0.813697512890763,0
-0.0503336917245391,-0.813424339557213,0
-0.0500528946430584,-0.813151166223678,0
-0.0497720975615665,-0.812877992890132,0
-0.0494913004800421,-0.812604819556555,0
-0.0492105033985667,-0.812331646223026,0
-0.0489297063170748,-0.81205847288948,0
-0.0486489092355557,-0.811785299555908,0
-0.0483681121540803,-0.811512126222379,0
-0.0480873150725559,-0.811238952888802,0
-0.0478065179910858,-0.810965779555277,0
-0.0475257209095614,-0.8106926062217,0
-0.047244923828086,-0.81041943288817,0
-0.0469641267465941,-0.810146259554625,0
-0.046683329665075,-0.809873086221053,0
-0.0464025325835996,-0.809599912887523,0
-0.046121735502097,-0.809326739553968,0
-0.0458409384205833,-0.809053566220401,0
-0.0455601413390807,-0.808780392886845,0
-0.0452793442576053,-0.808507219553315,0
-0.0449985471761134,-0.80823404621977,0
-0.0447177500945943,-0.807960872886198,0
-0.0444369530131189,-0.807687699552668,0
-0.0441561559316163,-0.807414526219112,0
-0.0438753588501026,-0.807141352885545,0
-0.0435945617686219,-0.806868179552011,0
-0.0433137646871028,-0.806595006218439,0
-0.0430329676056381,-0.80632183288492,0
-0.0427521705241083,-0.806048659551337,0
-0.0424713734426383,-0.805775486217813,0
-0.0421905763611357,-0.805502312884257,0
-0.0419097792796166,-0.805229139550685,0
-0.0416289821981465,-0.804955966217161,0
-0.0413481851166221,-0.804682792883584,0
-0.0410673880351574,-0.804409619550064,0
-0.0407865909536494,-0.804136446216503,0
-0.0405057938721357,-0.803863272882936,0
-0.040224996790655,-0.803590099549402,0
-0.0399441997091359,-0.80331692621583,0
-0.0396634026276659,-0.803043752882305,0
-0.0393826055461633,-0.80277057954875,0
-0.0391018084646549,-0.802497406215188,0
-0.0388210113831469,-0.802224232881627,0
-0.0385402143016769,-0.801951059548102,0
-0.0382594172201743,-0.801677886214546,0
-0.0379786201386552,-0.801404712880975,0
-0.0376978230571852,-0.80113153954745,0
-0.0374170259756826,-0.800858366213894,0
-0.0371362288941742,-0.800585192880333,0
-0.0368554318126881,-0.800312019546793,0
-0.0365746347311743,-0.800038846213226,0
-0.0362938376496936,-0.799765672879691,0
-0.0360130405681745,-0.799492499546119,0
-0.0357322434867045,-0.799219326212595,0
-0.0354514464052072,-0.798946152879044,0
-0.0351706493236881,-0.798672979545472,0
-0.0348898522422074,-0.798399806211938,0
-0.0346090551607155,-0.798126632878392,0
-0.0343282580791911,-0.797853459544815,0
-0.0340474609976939,-0.797580286211264,0
-0.0337666639162238,-0.79730711287774,0
-0.0334858668347266,-0.797033939544189,0
-0.0332050697532074,-0.796760766210617,0
-0.0329242726717267,-0.796487592877082,0
-0.0326434755902348,-0.796214419543537,0
-0.0323626785087104,-0.79594124620996,0
-0.032081881427235,-0.79566807287643,0
-0.0318010843457213,-0.795394899542863,0
-0.0315202872642459,-0.795121726209334,0
-0.0312394901827268,-0.794848552875762,0
-0.030958693101246,-0.794575379542227,0
-0.0306778960197488,-0.794302206208676,0
-0.0303970989382351,-0.79402903287511,0
-0.0301163018567543,-0.793755859541575,0
-0.0298355047752459,-0.793482686208013,0
-0.0295547076937598,-0.793209512874473,0
-0.0292739106122461,-0.792936339540906,0
-0.0289931135307653,-0.792663166207372,0
-0.0287123164492681,-0.792389992873821,0
-0.0284315193677544,-0.792116819540254,0
-0.0281507222862736,-0.79184364620672,0
-0.0278699252047871,-0.791570472873179,0
-0.0275891281232573,-0.791297299539597,0
-0.0273083310417654,-0.791024126206051,0
-0.0270275339602846,-0.790750952872517,0
-0.0267467368787874,-0.790477779538966,0
-0.0264659397972737,-0.790204606205399,0
-0.0261851427157929,-0.789931432871864,0
-0.0259043456343064,-0.789658259538324,0
-0.0256235485527766,-0.789385086204742,0
-0.0253427514713066,-0.789111912871217,0
-0.0250619543897821,-0.78883873953764,0
-0.0247811573083067,-0.788565566204111,0
-0.024500360226793,-0.788292392870544,0
-0.0242195631453123,-0.788019219537009,0
-0.0239387660638257,-0.787746046203469,0
-0.0236579689822959,-0.787472872869886,0
-0.0233771719008259,-0.787199699536362,0
-0.0230963748193233,-0.786926526202806,0
-0.0228155777378042,-0.786653352869234,0
-0.0225347806563123,-0.786380179535689,0
-0.0222539835748369,-0.786107006202159,0
-0.0219731864933397,-0.785833832868608,0
